threshold,f1,precision,recall,tnr,tp,fp,fn,tn_unknown,fp_unknown,auc_pr_trapezoid,ap_pr_step
0.5127040579271319,0.0,,0.0,1.0,0,0,346944,231296,0,0.7875683634218934,0.7877528094031293
0.5127040579271318,0.0024009603841536613,1.0,0.001201923076923077,1.0,417,0,346527,231296,0,0.7875683634218934,0.7877528094031293
0.46599115207339903,0.004796163069544364,1.0,0.002403846153846154,1.0,834,0,346110,231296,0,0.7875683634218934,0.7877528094031293
0.45918790643602114,0.00718562874251497,1.0,0.003605769230769231,1.0,1251,0,345693,231296,0,0.7875683634218934,0.7877528094031293
0.441410292174164,0.009569377990430622,1.0,0.004807692307692308,1.0,1668,0,345276,231296,0,0.7875683634218934,0.7877528094031293
0.4370850989735509,0.011947431302270013,1.0,0.006009615384615385,1.0,2085,0,344859,231296,0,0.7875683634218934,0.7877528094031293
0.43067251823084596,0.014319809069212411,1.0,0.007211538461538462,1.0,2502,0,344442,231296,0,0.7875683634218934,0.7877528094031293
0.428965058392077,0.0166865315852205,1.0,0.008413461538461538,1.0,2919,0,344025,231296,0,0.7875683634218934,0.7877528094031293
0.4254813228974363,0.01904761904761905,1.0,0.009615384615384616,1.0,3336,0,343608,231296,0,0.7875683634218934,0.7877528094031293
0.42520873158063965,0.02140309155766944,1.0,0.010817307692307692,1.0,3753,0,343191,231296,0,0.7875683634218934,0.7877528094031293
0.4195493873167696,0.023752969121140142,1.0,0.01201923076923077,1.0,4170,0,342774,231296,0,0.7875683634218934,0.7877528094031293
0.4177763811108394,0.02609727164887307,1.0,0.013221153846153846,1.0,4587,0,342357,231296,0,0.7875683634218934,0.7877528094031293
0.41475428517173896,0.02843601895734597,1.0,0.014423076923076924,1.0,5004,0,341940,231296,0,0.7875683634218934,0.7877528094031293
0.4133654870995208,0.03076923076923077,1.0,0.015625,1.0,5421,0,341523,231296,0,0.7875683634218934,0.7877528094031293
0.4115717564701985,0.03309692671394799,1.0,0.016826923076923076,1.0,5838,0,341106,231296,0,0.7875683634218934,0.7877528094031293
0.4085741386390731,0.03541912632821724,1.0,0.018028846153846152,1.0,6255,0,340689,231296,0,0.7875683634218934,0.7877528094031293
0.40073032942405873,0.03773584905660377,1.0,0.019230769230769232,1.0,6672,0,340272,231296,0,0.7875683634218934,0.7877528094031293
0.4006725807718996,0.04004711425206125,1.0,0.020432692307692308,1.0,7089,0,339855,231296,0,0.7875683634218934,0.7877528094031293
0.3940780685824187,0.042352941176470586,1.0,0.021634615384615384,1.0,7506,0,339438,231296,0,0.7875683634218934,0.7877528094031293
0.3906259686650422,0.04465334900117509,1.0,0.02283653846153846,1.0,7923,0,339021,231296,0,0.7875683634218934,0.7877528094031293
0.38901710345481877,0.046948356807511735,1.0,0.02403846153846154,1.0,8340,0,338604,231296,0,0.7875683634218934,0.7877528094031293
0.3758639089853688,0.0492379835873388,1.0,0.025240384615384616,1.0,8757,0,338187,231296,0,0.7875683634218934,0.7877528094031293
0.3743545485912526,0.05152224824355972,1.0,0.026442307692307692,1.0,9174,0,337770,231296,0,0.7875683634218934,0.7877528094031293
0.3708364131032238,0.05380116959064327,1.0,0.027644230769230768,1.0,9591,0,337353,231296,0,0.7875683634218934,0.7877528094031293
0.36115628214223006,0.056074766355140186,1.0,0.028846153846153848,1.0,10008,0,336936,231296,0,0.7875683634218934,0.7877528094031293
0.3599096316795919,0.058343057176196034,1.0,0.030048076923076924,1.0,10425,0,336519,231296,0,0.7875683634218934,0.7877528094031293
0.35866826919845396,0.06060606060606061,1.0,0.03125,1.0,10842,0,336102,231296,0,0.7875683634218934,0.7877528094031293
0.3585616538795009,0.06286379511059371,1.0,0.03245192307692308,1.0,11259,0,335685,231296,0,0.7875683634218934,0.7877528094031293
0.3578272438328759,0.06511627906976744,1.0,0.03365384615384615,1.0,11676,0,335268,231296,0,0.7875683634218934,0.7877528094031293
0.3476404392549693,0.06736353077816493,1.0,0.03485576923076923,1.0,12093,0,334851,231296,0,0.7875683634218934,0.7877528094031293
0.3309251130639268,0.06960556844547564,1.0,0.036057692307692304,1.0,12510,0,334434,231296,0,0.7875683634218934,0.7877528094031293
0.3276711497743183,0.07184241019698726,1.0,0.037259615384615384,1.0,12927,0,334017,231296,0,0.7875683634218934,0.7877528094031293
0.32583988575110356,0.07407407407407407,1.0,0.038461538461538464,1.0,13344,0,333600,231296,0,0.7875683634218934,0.7877528094031293
0.3252255109883459,0.07630057803468208,1.0,0.039663461538461536,1.0,13761,0,333183,231296,0,0.7875683634218934,0.7877528094031293
0.3236250533118483,0.07852193995381063,1.0,0.040865384615384616,1.0,14178,0,332766,231296,0,0.7875683634218934,0.7877528094031293
0.32079479064480215,0.08073817762399077,1.0,0.042067307692307696,1.0,14595,0,332349,231296,0,0.7875683634218934,0.7877528094031293
0.3207722818278354,0.08294930875576037,1.0,0.04326923076923077,1.0,15012,0,331932,231296,0,0.7875683634218934,0.7877528094031293
0.32045454377983834,0.08515535097813579,1.0,0.04447115384615385,1.0,15429,0,331515,231296,0,0.7875683634218934,0.7877528094031293
0.3176688399355635,0.08735632183908046,1.0,0.04567307692307692,1.0,15846,0,331098,231296,0,0.7875683634218934,0.7877528094031293
0.316292797441068,0.08955223880597014,1.0,0.046875,1.0,16263,0,330681,231296,0,0.7875683634218934,0.7877528094031293
0.31604066345209963,0.09174311926605505,1.0,0.04807692307692308,1.0,16680,0,330264,231296,0,0.7875683634218934,0.7877528094031293
0.31376022114172364,0.09392898052691867,1.0,0.04927884615384615,1.0,17097,0,329847,231296,0,0.7875683634218934,0.7877528094031293
0.31252687697570625,0.09610983981693363,1.0,0.05048076923076923,1.0,17514,0,329430,231296,0,0.7875683634218934,0.7877528094031293
0.309374939160766,0.09828571428571428,1.0,0.051682692307692304,1.0,17931,0,329013,231296,0,0.7875683634218934,0.7877528094031293
0.3027388115210593,0.1004566210045662,1.0,0.052884615384615384,1.0,18348,0,328596,231296,0,0.7875683634218934,0.7877528094031293
0.30171689230330867,0.10262257696693272,1.0,0.054086538461538464,1.0,18765,0,328179,231296,0,0.7875683634218934,0.7877528094031293
0.3012749848242824,0.10478359908883828,1.0,0.055288461538461536,1.0,19182,0,327762,231296,0,0.7875683634218934,0.7877528094031293
0.29991754455812675,0.10693970420932879,1.0,0.056490384615384616,1.0,19599,0,327345,231296,0,0.7875683634218934,0.7877528094031293
0.29984952903879847,0.10909090909090909,1.0,0.057692307692307696,1.0,20016,0,326928,231296,0,0.7875683634218934,0.7877528094031293
0.29841394165583823,0.1112372304199773,1.0,0.05889423076923077,1.0,20433,0,326511,231296,0,0.7875683634218934,0.7877528094031293
0.2964306470716582,0.11337868480725624,1.0,0.06009615384615385,1.0,20850,0,326094,231296,0,0.7875683634218934,0.7877528094031293
0.29587430205775,0.11551528878822197,1.0,0.06129807692307692,1.0,21267,0,325677,231296,0,0.7875683634218934,0.7877528094031293
0.2948131004783555,0.11764705882352941,1.0,0.0625,1.0,21684,0,325260,231296,0,0.7875683634218934,0.7877528094031293
0.29420389398657115,0.11977401129943503,1.0,0.06370192307692307,1.0,22101,0,324843,231296,0,0.7875683634218934,0.7877528094031293
0.2929662841421055,0.12189616252821671,1.0,0.06490384615384616,1.0,22518,0,324426,231296,0,0.7875683634218934,0.7877528094031293
0.2901332790715603,0.12401352874859076,1.0,0.06610576923076923,1.0,22935,0,324009,231296,0,0.7875683634218934,0.7877528094031293
0.2899879539661485,0.12612612612612611,1.0,0.0673076923076923,1.0,23352,0,323592,231296,0,0.7875683634218934,0.7877528094031293
0.28528834705497896,0.12823397075365578,1.0,0.06850961538461539,1.0,23769,0,323175,231296,0,0.7875683634218934,0.7877528094031293
0.2836279780035559,0.1303370786516854,1.0,0.06971153846153846,1.0,24186,0,322758,231296,0,0.7875683634218934,0.7877528094031293
0.2830556698380191,0.1324354657687991,1.0,0.07091346153846154,1.0,24603,0,322341,231296,0,0.7875683634218934,0.7877528094031293
0.28268700424267557,0.13452914798206278,1.0,0.07211538461538461,1.0,25020,0,321924,231296,0,0.7875683634218934,0.7877528094031293
0.2808726179003401,0.1366181410974244,1.0,0.0733173076923077,1.0,25437,0,321507,231296,0,0.7875683634218934,0.7877528094031293
0.2806100041822612,0.13870246085011187,1.0,0.07451923076923077,1.0,25854,0,321090,231296,0,0.7875683634218934,0.7877528094031293
0.2779706585237448,0.14078212290502792,1.0,0.07572115384615384,1.0,26271,0,320673,231296,0,0.7875683634218934,0.7877528094031293
0.2779044030857889,0.14285714285714285,1.0,0.07692307692307693,1.0,26688,0,320256,231296,0,0.7875683634218934,0.7877528094031293
0.2775007384158744,0.14492753623188406,1.0,0.078125,1.0,27105,0,319839,231296,0,0.7875683634218934,0.7877528094031293
0.27556010515233487,0.14699331848552338,1.0,0.07932692307692307,1.0,27522,0,319422,231296,0,0.7875683634218934,0.7877528094031293
0.2755501408707884,0.14666744826777653,0.9706566974677294,0.07932692307692307,0.9964028776978417,27522,832,319422,230464,832,0.7875683634218934,0.7877528094031293
0.2752129415902547,0.14872443208282873,0.971081992283897,0.08052884615384616,0.9964028776978417,27939,832,319005,230464,832,0.7875683634218934,0.7877528094031293
0.27393929687677415,0.1507768549339062,0.9714951349869809,0.08173076923076923,0.9964028776978417,28356,832,318588,230464,832,0.7875683634218934,0.7877528094031293
0.27279577945044226,0.1528247319737936,0.9718966390812362,0.0829326923076923,0.9964028776978417,28773,832,318171,230464,832,0.7875683634218934,0.7877528094031293
0.27248791850335086,0.15486807828822757,0.9722869895410032,0.08413461538461539,0.9964028776978417,29190,832,317754,230464,832,0.7875683634218934,0.7877528094031293
0.27230416235148125,0.15690690889626718,0.9726666447649397,0.08533653846153846,0.9964028776978417,29607,832,317337,230464,832,0.7875683634218934,0.7877528094031293
0.2712684604942408,0.1589412387506617,0.9730360383717915,0.08653846153846154,0.9964028776978417,30024,832,316920,230464,832,0.7875683634218934,0.7877528094031293
0.27123053757335414,0.16097108273821642,0.9733955808524926,0.08774038461538461,0.9964028776978417,30441,832,316503,230464,832,0.7875683634218934,0.7877528094031293
0.2699239409387214,0.1629964556801555,0.973745661091827,0.0889423076923077,0.9964028776978417,30858,832,316086,230464,832,0.7875683634218934,0.7877528094031293
0.26466517862130906,0.16501737233248295,0.974086647771514,0.09014423076923077,0.9964028776978417,31275,832,315669,230464,832,0.7875683634218934,0.7877528094031293
0.26393713848129685,0.1670338473863409,0.9744188906653548,0.09134615384615384,0.9964028776978417,31692,832,315252,230464,832,0.7875683634218934,0.7877528094031293
0.2637947203155959,0.16904589546836543,0.9747427218360099,0.09254807692307693,0.9964028776978417,32109,832,314835,230464,832,0.7875683634218934,0.7877528094031293
0.2623918951123815,0.17105353114104055,0.9750584567420109,0.09375,0.9964028776978417,32526,832,314418,230464,832,0.7875683634218934,0.7877528094031293
0.2609676919594689,0.17305676890304922,0.9753663952627684,0.09495192307692307,0.9964028776978417,32943,832,314001,230464,832,0.7875683634218934,0.7877528094031293
0.25989703199095493,0.17267940589855615,0.9519172421764382,0.09495192307692307,0.9928057553956835,32943,1664,314001,229632,1664,0.7875683634218934,0.7877528094031293
0.25776489860310536,0.17467431826749885,0.9524897213339424,0.09615384615384616,0.9928057553956835,33360,1664,313584,229632,1664,0.7875683634218934,0.7877528094031293
0.2571084836080994,0.17666487963701505,0.9530487288733388,0.09735576923076923,0.9928057553956835,33777,1664,313167,229632,1664,0.7875683634218934,0.7877528094031293
0.25598012654659885,0.17865110422620573,0.9535947347872162,0.0985576923076923,0.9928057553956835,34194,1664,312750,229632,1664,0.7875683634218934,0.7877528094031293
0.2557036282633761,0.17826365754860102,0.9319705641864268,0.0985576923076923,0.9892086330935251,34194,2496,312750,228800,2496,0.7875683634218934,0.7877528094031293
0.25336783200188595,0.18024168665099166,0.9327350634651144,0.09975961538461539,0.9892086330935251,34611,2496,312333,228800,2496,0.7875683634218934,0.7877528094031293
0.25311688176050273,0.18221542495084117,0.9334825711544611,0.10096153846153846,0.9892086330935251,35028,2496,311916,228800,2496,0.7875683634218934,0.7877528094031293
0.2517963694785328,0.18418488639463737,0.9342136475053372,0.10216346153846154,0.9892086330935251,35445,2496,311499,228800,2496,0.7875683634218934,0.7877528094031293
0.25046183430512425,0.18615008486849277,0.9349288284060692,0.10336538461538461,0.9892086330935251,35862,2496,311082,228800,2496,0.7875683634218934,0.7877528094031293
0.2501901829521451,0.18811103419847092,0.9356286266924565,0.1045673076923077,0.9892086330935251,36279,2496,310665,228800,2496,0.7875683634218934,0.7877528094031293
0.24958960624378546,0.19006774815091057,0.936313533374158,0.10576923076923077,0.9892086330935251,36696,2496,310248,228800,2496,0.7875683634218934,0.7877528094031293
0.24952166035080925,0.1920202404327479,0.9369840187836098,0.10697115384615384,0.9892086330935251,37113,2496,309831,228800,2496,0.7875683634218934,0.7877528094031293
0.24915541060942503,0.19396852469183656,0.9376405336531255,0.10817307692307693,0.9892086330935251,37530,2496,309414,228800,2496,0.7875683634218934,0.7877528094031293
0.24875345963927586,0.1959126145172657,0.9382835101253616,0.109375,0.9892086330935251,37947,2496,308997,228800,2496,0.7875683634218934,0.7877528094031293
0.24623658439402163,0.19785252343967571,0.938913362701909,0.11057692307692307,0.9892086330935251,38364,2496,308580,228800,2496,0.7875683634218934,0.7877528094031293
0.24320769467665138,0.19978826493157248,0.9395304891343847,0.11177884615384616,0.9892086330935251,38781,2496,308163,228800,2496,0.7875683634218934,0.7877528094031293
0.24273619417740455,0.20171985240763898,0.9401352712620521,0.11298076923076923,0.9892086330935251,39198,2496,307746,228800,2496,0.7875683634218934,0.7877528094031293
0.24249720668461705,0.2036472992250453,0.9407280757996723,0.1141826923076923,0.9892086330935251,39615,2496,307329,228800,2496,0.7875683634218934,0.7877528094031293
0.24123247975697343,0.20557061868375648,0.9413092550790068,0.11538461538461539,0.9892086330935251,40032,2496,306912,228800,2496,0.7875683634218934,0.7877528094031293
0.23921313295750202,0.2074898240268384,0.9418791477471185,0.11658653846153846,0.9892086330935251,40449,2496,306495,228800,2496,0.7875683634218934,0.7877528094031293
0.23885888337491995,0.20940492844076186,0.9424380794243808,0.11778846153846154,0.9892086330935251,40866,2496,306078,228800,2496,0.7875683634218934,0.7877528094031293
0.2376758204855332,0.21131594505570442,0.9429863633248818,0.11899038461538461,0.9892086330935251,41283,2496,305661,228800,2496,0.7875683634218934,0.7877528094031293
0.23498129807624663,0.2132228869458506,0.9435243008417051,0.1201923076923077,0.9892086330935251,41700,2496,305244,228800,2496,0.7875683634218934,0.7877528094031293
0.2337835793654619,0.21512576712968992,0.944052182099388,0.12139423076923077,0.9892086330935251,42117,2496,304827,228800,2496,0.7875683634218934,0.7877528094031293
0.2328949758155887,0.21702459857031334,0.9445702864756829,0.12259615384615384,0.9892086330935251,42534,2496,304410,228800,2496,0.7875683634218934,0.7877528094031293
0.23178867369526884,0.21891939417570738,0.9450788830945938,0.12379807692307693,0.9892086330935251,42951,2496,303993,228800,2496,0.7875683634218934,0.7877528094031293
0.23104423491965664,0.22081016679904686,0.9455782312925171,0.125,0.9892086330935251,43368,2496,303576,228800,2496,0.7875683634218934,0.7877528094031293
0.23078910540714143,0.22269692923898532,0.9460685810591819,0.12620192307692307,0.9892086330935251,43785,2496,303159,228800,2496,0.7875683634218934,0.7877528094031293
0.23009053829681836,0.22457969423994392,0.946550173454966,0.12740384615384615,0.9892086330935251,44202,2496,302742,228800,2496,0.7875683634218934,0.7877528094031293
0.2296563573469782,0.22645847449239834,0.9470232410060491,0.12860576923076922,0.9892086330935251,44619,2496,302325,228800,2496,0.7875683634218934,0.7877528094031293
0.2296025451069369,0.228333282633164,0.947488008078768,0.12980769230769232,0.9892086330935251,45036,2496,301908,228800,2496,0.7875683634218934,0.7877528094031293
0.2293530261132668,0.2302041312456792,0.9479446912344366,0.1310096153846154,0.9892086330935251,45453,2496,301491,228800,2496,0.7875683634218934,0.7877528094031293
0.22547460796669228,0.23207103286028685,0.9483934995658106,0.13221153846153846,0.9892086330935251,45870,2496,301074,228800,2496,0.7875683634218934,0.7877528094031293
0.2233728071061134,0.2339339999545141,0.9488346350162966,0.13341346153846154,0.9892086330935251,46287,2496,300657,228800,2496,0.7875683634218934,0.7877528094031293
0.22300780508095575,0.2357930449533503,0.9492682926829268,0.1346153846153846,0.9892086330935251,46704,2496,300240,228800,2496,0.7875683634218934,0.7877528094031293
0.22191623687919843,0.23764818022952333,0.9496946611040571,0.13581730769230768,0.9892086330935251,47121,2496,299823,228800,2496,0.7875683634218934,0.7877528094031293
0.22071506658632145,0.23715062922598032,0.9340323891454736,0.13581730769230768,0.9856115107913669,47121,3328,299823,227968,3328,0.7875683634218934,0.7877528094031293
0.21971433063853363,0.23899851687991755,0.9345731923092045,0.13701923076923078,0.9856115107913669,47538,3328,299406,227968,3328,0.7875683634218934,0.7877528094031293
0.21881688253768916,0.2408425345343234,0.9351052005537898,0.13822115384615385,0.9856115107913669,47955,3328,298989,227968,3328,0.7875683634218934,0.7877528094031293
0.21841322378515227,0.24268269433379155,0.9356286266924565,0.13942307692307693,0.9856115107913669,48372,3328,298572,227968,3328,0.7875683634218934,0.7877528094031293
0.21576868493174095,0.24451900837215362,0.9361436767273634,0.140625,0.9856115107913669,48789,3328,298155,227968,3328,0.7875683634218934,0.7877528094031293
0.21571626481514394,0.24635148869274404,0.9366505501199224,0.14182692307692307,0.9856115107913669,49206,3328,297738,227968,3328,0.7875683634218934,0.7877528094031293
0.21555761153093905,0.24818014728866328,0.9371494400483465,0.14302884615384615,0.9856115107913669,49623,3328,297321,227968,3328,0.7875683634218934,0.7877528094031293
0.21521851808440806,0.2500049961030396,0.9376405336531255,0.14423076923076922,0.9856115107913669,50040,3328,296904,227968,3328,0.7875683634218934,0.7877528094031293
0.21514752975416018,0.2518260470292891,0.9381240122710793,0.14543269230769232,0.9856115107913669,50457,3328,296487,227968,3328,0.7875683634218934,0.7877528094031293
0.2144625304992398,0.2536433119113739,0.9386000516586104,0.1466346153846154,0.9856115107913669,50874,3328,296070,227968,3328,0.7875683634218934,0.7877528094031293
0.21417106007860204,0.2554568025440591,0.9390688222047273,0.14783653846153846,0.9856115107913669,51291,3328,295653,227968,3328,0.7875683634218934,0.7877528094031293
0.21130818627578596,0.2572665306731678,0.9395304891343847,0.14903846153846154,0.9856115107913669,51708,3328,295236,227968,3328,0.7875683634218934,0.7877528094031293
0.20988835311808302,0.259072507995835,0.9399852127026491,0.1502403846153846,0.9856115107913669,52125,3328,294819,227968,3328,0.7875683634218934,0.7877528094031293
0.20952452770240082,0.26087474616075906,0.9404331483801682,0.15144230769230768,0.9856115107913669,52542,3328,294402,227968,3328,0.7875683634218934,0.7877528094031293
0.20942592616054978,0.2626732567684528,0.9408744470303978,0.15264423076923078,0.9856115107913669,52959,3328,293985,227968,3328,0.7875683634218934,0.7877528094031293
0.2091905262369056,0.264468051371492,0.9413092550790068,0.15384615384615385,0.9856115107913669,53376,3328,293568,227968,3328,0.7875683634218934,0.7877528094031293
0.20911507377956218,0.2662591414747627,0.9417377146758635,0.15504807692307693,0.9856115107913669,53793,3328,293151,227968,3328,0.7875683634218934,0.7877528094031293
0.20889256713652238,0.2680465385357074,0.9421599638499774,0.15625,0.9856115107913669,54210,3328,292734,227968,3328,0.7875683634218934,0.7877528094031293
0.2076434854927518,0.26983025396456894,0.9425761366577518,0.15745192307692307,0.9856115107913669,54627,3328,292317,227968,3328,0.7875683634218934,0.7877528094031293
0.20749998315630214,0.27161029912463364,0.9429863633248818,0.15865384615384615,0.9856115107913669,55044,3328,291900,227968,3328,0.7875683634218934,0.7877528094031293
0.20424807179051585,0.27338668533247235,0.9433907703822143,0.15985576923076922,0.9856115107913669,55461,3328,291483,227968,3328,0.7875683634218934,0.7877528094031293
0.2033594685649167,0.2751594238581805,0.9437894807958653,0.16105769230769232,0.9856115107913669,55878,3328,291066,227968,3328,0.7875683634218934,0.7877528094031293
0.20324647175613553,0.2769285259256162,0.9441826140918773,0.1622596153846154,0.9856115107913669,56295,3328,290649,227968,3328,0.7875683634218934,0.7877528094031293
0.20294693758580296,0.27869400271263733,0.9445702864756829,0.16346153846153846,0.9856115107913669,56712,3328,290232,227968,3328,0.7875683634218934,0.7877528094031293
0.2014830779781691,0.2804558653513369,0.9449526109466232,0.16466346153846154,0.9856115107913669,57129,3328,289815,227968,3328,0.7875683634218934,0.7877528094031293
0.20043454698027552,0.28221412492827685,0.9453296974077603,0.1658653846153846,0.9856115107913669,57546,3328,289398,227968,3328,0.7875683634218934,0.7877528094031293
0.19981724598712214,0.2839687924847208,0.9457016527712062,0.16706730769230768,0.9856115107913669,57963,3328,288981,227968,3328,0.7875683634218934,0.7877528094031293
0.19785600477735188,0.2857198790168652,0.9460685810591819,0.16826923076923078,0.9856115107913669,58380,3328,288564,227968,3328,0.7875683634218934,0.7877528094031293
0.19692996764909793,0.2874673954760688,0.9464305835010061,0.16947115384615385,0.9856115107913669,58797,3328,288147,227968,3328,0.7875683634218934,0.7877528094031293
0.19526912962039789,0.2892113527690812,0.9467877586262032,0.17067307692307693,0.9856115107913669,59214,3328,287730,227968,3328,0.7875683634218934,0.7877528094031293
0.19489620886721792,0.29095176175826964,0.9471402023539128,0.171875,0.9856115107913669,59631,3328,287313,227968,3328,0.7875683634218934,0.7877528094031293
0.1947552163439793,0.2926886332618444,0.947488008078768,0.17307692307692307,0.9856115107913669,60048,3328,286896,227968,3328,0.7875683634218934,0.7877528094031293
0.1922453307747654,0.29442197805408327,0.9478312667534056,0.17427884615384615,0.9856115107913669,60465,3328,286479,227968,3328,0.7875683634218934,0.7877528094031293
0.1917162557549178,0.2938267945350597,0.9356286266924565,0.17427884615384615,0.9820143884892086,60465,4160,286479,227136,4160,0.7875683634218934,0.7877528094031293
0.19158143220446883,0.2955537324083828,0.9360413271424618,0.17548076923076922,0.9820143884892086,60882,4160,286062,227136,4160,0.7875683634218934,0.7877528094031293
0.18958894632494427,0.29727717790607733,0.9364487694587452,0.17668269230769232,0.9820143884892086,61299,4160,285645,227136,4160,0.7875683634218934,0.7877528094031293
0.18940624785670723,0.29667864532287924,0.9246956600443499,0.17668269230769232,0.9784172661870504,61299,4992,285645,226304,4992,0.7875683634218934,0.7877528094031293
0.18932263800782884,0.2983957529517566,0.925166396833963,0.1778846153846154,0.9784172661870504,61716,4992,285228,226304,4992,0.7875683634218934,0.7877528094031293
0.18917121042604568,0.30010940205617903,0.9256312849162012,0.17908653846153846,0.9784172661870504,62133,4992,284811,226304,4992,0.7875683634218934,0.7877528094031293
0.18915241581454767,0.3018196030746515,0.9260904326197033,0.18028846153846154,0.9784172661870504,62550,4992,284394,226304,4992,0.7875683634218934,0.7877528094031293
0.18886024530617507,0.30352636640371367,0.9265439456142675,0.1814903846153846,0.9784172661870504,62967,4992,283977,226304,4992,0.7875683634218934,0.7877528094031293
0.18838257505703082,0.30522970239815084,0.926991926991927,0.18269230769230768,0.9784172661870504,63384,4992,283560,226304,4992,0.7875683634218934,0.7877528094031293
0.18667268121839192,0.30692962137120344,0.9274344773450787,0.18389423076923078,0.9784172661870504,63801,4992,283143,226304,4992,0.7875683634218934,0.7877528094031293
0.18632131273087021,0.30862613359477503,0.9278716948417859,0.18509615384615385,0.9784172661870504,64218,4992,282726,226304,4992,0.7875683634218934,0.7877528094031293
0.18448271096572033,0.3103192492996392,0.9283036752983757,0.18629807692307693,0.9784172661870504,64635,4992,282309,226304,4992,0.7875683634218934,0.7877528094031293
0.1844504459049615,0.31200897867564537,0.9287305122494433,0.1875,0.9784172661870504,65052,4992,281892,226304,4992,0.7875683634218934,0.7877528094031293
0.1837005145941477,0.31369533187192294,0.9291522970153702,0.18870192307692307,0.9784172661870504,65469,4992,281475,226304,4992,0.7875683634218934,0.7877528094031293
0.18359860900663638,0.3153783189970849,0.9295691187674596,0.18990384615384615,0.9784172661870504,65886,4992,281058,226304,4992,0.7875683634218934,0.7877528094031293
0.1817928516453099,0.31705795011942933,0.9299810645907848,0.19110576923076922,0.9784172661870504,66303,4992,280641,226304,4992,0.7875683634218934,0.7877528094031293
0.18115500404019147,0.31873423526714056,0.9303882195448461,0.19230769230769232,0.9784172661870504,66720,4992,280224,226304,4992,0.7875683634218934,0.7877528094031293
0.17943205379721283,0.3204071844284886,0.9307906667221229,0.1935096153846154,0.9784172661870504,67137,4992,279807,226304,4992,0.7875683634218934,0.7877528094031293
0.1792386543958303,0.32207680755202744,0.9311884873046067,0.19471153846153846,0.9784172661870504,67554,4992,279390,226304,4992,0.7875683634218934,0.7877528094031293
0.1787655981427031,0.3237431145467925,0.9315817606183956,0.19591346153846154,0.9784172661870504,67971,4992,278973,226304,4992,0.7875683634218934,0.7877528094031293
0.1785640215682196,0.32540611528249636,0.9319705641864268,0.1971153846153846,0.9784172661870504,68388,4992,278556,226304,4992,0.7875683634218934,0.7877528094031293
0.17542014432210806,0.32706581958972386,0.9323549737794219,0.19831730769230768,0.9784172661870504,68805,4992,278139,226304,4992,0.7875683634218934,0.7877528094031293
0.17492779679270698,0.32642033526815045,0.9219606319259269,0.19831730769230768,0.9748201438848921,68805,5824,278139,225472,5824,0.7875683634218934,0.7877528094031293
0.1747057913753971,0.3280741249792649,0.9223942648508915,0.19951923076923078,0.9748201438848921,69222,5824,277722,225472,5824,0.7875683634218934,0.7877528094031293
0.17466924163129527,0.3274285633197894,0.9122802393315586,0.19951923076923078,0.9712230215827338,69222,6656,277722,224640,6656,0.7875683634218934,0.7877528094031293
0.17449783988104584,0.32678553725445764,0.9023856081345326,0.19951923076923078,0.9676258992805755,69222,7488,277722,223808,7488,0.7875683634218934,0.7877528094031293
0.1725614145124722,0.32843085238085135,0.9029133766385312,0.20072115384615385,0.9676258992805755,69639,7488,277305,223808,7488,0.7875683634218934,0.7877528094031293
0.1710214130487221,0.33007293492395545,0.903435468895079,0.20192307692307693,0.9676258992805755,70056,7488,276888,223808,7488,0.7875683634218934,0.7877528094031293
0.17090998509549427,0.33171179440110143,0.903951975987994,0.203125,0.9676258992805755,70473,7488,276471,223808,7488,0.7875683634218934,0.7877528094031293
0.17089047250899275,0.3333474402922962,0.9044629870626961,0.20432692307692307,0.9676258992805755,70890,7488,276054,223808,7488,0.7875683634218934,0.7877528094031293
0.17087396568220725,0.33269663079544015,0.8949627572276228,0.20432692307692307,0.9640287769784173,70890,8320,276054,222976,8320,0.7875683634218934,0.7877528094031293
0.17060410901142853,0.334326524775477,0.8955128285631758,0.20552884615384615,0.9640287769784173,71307,8320,275637,222976,8320,0.7875683634218934,0.7877528094031293
0.17058719683888057,0.33367571121400647,0.8862526255608446,0.20552884615384615,0.960431654676259,71307,9152,275637,222144,9152,0.7875683634218934,0.7877528094031293
0.17025647862068316,0.335299892478145,0.8868391117265938,0.20673076923076922,0.960431654676259,71724,9152,275220,222144,9152,0.7875683634218934,0.7877528094031293
0.16974967852811185,0.33692091061725166,0.8874195810217362,0.20793269230769232,0.960431654676259,72141,9152,274803,222144,9152,0.7875683634218934,0.7877528094031293
0.16923602665696574,0.3385387748627098,0.8879941255660262,0.2091346153846154,0.960431654676259,72558,9152,274386,222144,9152,0.7875683634218934,0.7877528094031293
0.16893744298360686,0.3401534944100161,0.8885628356082652,0.21033653846153846,0.960431654676259,72975,9152,273969,222144,9152,0.7875683634218934,0.7877528094031293
0.16841051534722873,0.33949518844948745,0.8796513940621271,0.21033653846153846,0.9568345323741008,72975,9984,273969,221312,9984,0.7875683634218934,0.7877528094031293
0.16796160105038915,0.33883942563292974,0.870916924252008,0.21033653846153846,0.9532374100719424,72975,10816,273969,220480,10816,0.7875683634218934,0.7877528094031293
0.16718452811487294,0.3404460607859873,0.8715561466844005,0.21153846153846154,0.9532374100719424,73392,10816,273552,220480,10816,0.7875683634218934,0.7877528094031293
0.16570586375488505,0.34204959114301536,0.8721890694239292,0.2127403846153846,0.9532374100719424,73809,10816,273135,220480,10816,0.7875683634218934,0.7877528094031293
0.1654764023304296,0.34365002569527714,0.8728157851414595,0.21394230769230768,0.9532374100719424,74226,10816,272718,220480,10816,0.7875683634218934,0.7877528094031293
0.16521809388641362,0.34298943204765053,0.8643594102988099,0.21394230769230768,0.9496402877697842,74226,11648,272718,219648,11648,0.7875683634218934,0.7877528094031293
0.16482914063158727,0.3445843479866585,0.86501489147188,0.21514423076923078,0.9496402877697842,74643,11648,272301,219648,11648,0.7875683634218934,0.7877528094031293
0.1642765744505334,0.34617619658159077,0.8656640679060755,0.21634615384615385,0.9496402877697842,75060,11648,271884,219648,11648,0.7875683634218934,0.7877528094031293
0.16368671153592756,0.3477649866726258,0.8663070301291248,0.21754807692307693,0.9496402877697842,75477,11648,271467,219648,11648,0.7875683634218934,0.7877528094031293
0.16095865926770137,0.34935072706600445,0.8669438669438669,0.21875,0.9496402877697842,75894,11648,271050,219648,11648,0.7875683634218934,0.7877528094031293
0.1605662903108458,0.3509334265341927,0.8675746654691391,0.21995192307692307,0.9496402877697842,76311,11648,270633,219648,11648,0.7875683634218934,0.7877528094031293
0.15889716670475362,0.35251309381604334,0.8681995111795058,0.22115384615384615,0.9496402877697842,76728,11648,270216,219648,11648,0.7875683634218934,0.7877528094031293
0.15799221264493468,0.354089737616957,0.8688184879438694,0.22235576923076922,0.9496402877697842,77145,11648,269799,219648,11648,0.7875683634218934,0.7877528094031293
0.15686799962018827,0.35566336660904174,0.8694316780629974,0.22355769230769232,0.9496402877697842,77562,11648,269382,219648,11648,0.7875683634218934,0.7877528094031293
0.1568642762908149,0.3572339894312723,0.8700391623060015,0.2247596153846154,0.9496402877697842,77979,11648,268965,219648,11648,0.7875683634218934,0.7877528094031293
0.1563320247668223,0.3588016146896482,0.8706410199458042,0.22596153846153846,0.9496402877697842,78396,11648,268548,219648,11648,0.7875683634218934,0.7877528094031293
0.15625030558137715,0.36036625095735075,0.8712373287936238,0.22716346153846154,0.9496402877697842,78813,11648,268131,219648,11648,0.7875683634218934,0.7877528094031293
0.15623309036920774,0.3619279067748994,0.8718281652325095,0.2283653846153846,0.9496402877697842,79230,11648,267714,219648,11648,0.7875683634218934,0.7877528094031293
0.15605340390840905,0.36348659065030725,0.872413604249959,0.22956730769230768,0.9496402877697842,79647,11648,267297,219648,11648,0.7875683634218934,0.7877528094031293
0.15574575052007433,0.36504231105923546,0.8729937194696441,0.23076923076923078,0.9496402877697842,80064,11648,266880,219648,11648,0.7875683634218934,0.7877528094031293
0.15570104642513682,0.36659507644514694,0.873568583182277,0.23197115384615385,0.9496402877697842,80481,11648,266463,219648,11648,0.7875683634218934,0.7877528094031293
0.1546102905324011,0.3681448952194589,0.8741382663756402,0.23317307692307693,0.9496402877697842,80898,11648,266046,219648,11648,0.7875683634218934,0.7877528094031293
0.15453020721116317,0.3696917757616951,0.8747028387638093,0.234375,0.9496402877697842,81315,11648,265629,219648,11648,0.7875683634218934,0.7877528094031293
0.15445360876508274,0.3712357264196364,0.8752623688155922,0.23557692307692307,0.9496402877697842,81732,11648,265212,219648,11648,0.7875683634218934,0.7877528094031293
0.15421917200418683,0.37277675550947154,0.8758169237822105,0.23677884615384615,0.9496402877697842,82149,11648,264795,219648,11648,0.7875683634218934,0.7877528094031293
0.15420995953800365,0.37431487131594576,0.8763665697242448,0.23798076923076922,0.9496402877697842,82566,11648,264378,219648,11648,0.7875683634218934,0.7877528094031293
0.15387287962510288,0.37585008209250975,0.8769113715378681,0.23918269230769232,0.9496402877697842,82983,11648,263961,219648,11648,0.7875683634218934,0.7877528094031293
0.15384468288218384,0.3773823960614672,0.8774513929803889,0.2403846153846154,0.9496402877697842,83400,11648,263544,219648,11648,0.7875683634218934,0.7877528094031293
0.15359437580546081,0.37891182141412133,0.8779866966951239,0.24158653846153846,0.9496402877697842,83817,11648,263127,219648,11648,0.7875683634218934,0.7877528094031293
0.1534608858308557,0.3804383663109212,0.878517344235623,0.24278846153846154,0.9496402877697842,84234,11648,262710,219648,11648,0.7875683634218934,0.7877528094031293
0.15324450913699716,0.3819620388816067,0.8790433960892636,0.2439903846153846,0.9496402877697842,84651,11648,262293,219648,11648,0.7875683634218934,0.7877528094031293
0.15297332535154773,0.38348284722535275,0.8795649117002358,0.24519230769230768,0.9496402877697842,85068,11648,261876,219648,11648,0.7875683634218934,0.7877528094031293
0.15110794733121535,0.385000799410913,0.8800819494919337,0.24639423076923078,0.9496402877697842,85485,11648,261459,219648,11648,0.7875683634218934,0.7877528094031293
0.15082523501395273,0.38651590347676235,0.880594566888775,0.24759615384615385,0.9496402877697842,85902,11648,261042,219648,11648,0.7875683634218934,0.7877528094031293
0.15023300865699218,0.3880281674312391,0.8811028203374606,0.24879807692307693,0.9496402877697842,86319,11648,260625,219648,11648,0.7875683634218934,0.7877528094031293
0.1499370949558595,0.38953759925268566,0.8816067653276956,0.25,0.9496402877697842,86736,11648,260208,219648,11648,0.7875683634218934,0.7877528094031293
0.14945187629530082,0.39104420688958935,0.8821064564123845,0.2512019230769231,0.9496402877697842,87153,11648,259791,219648,11648,0.7875683634218934,0.7877528094031293
0.148724069509917,0.39254799826072145,0.8826019472273177,0.25240384615384615,0.9496402877697842,87570,11648,259374,219648,11648,0.7875683634218934,0.7877528094031293
0.1486261675286804,0.3940489812552762,0.8830932905103628,0.2536057692307692,0.9496402877697842,87987,11648,258957,219648,11648,0.7875683634218934,0.7877528094031293
0.14832201221361258,0.3955471637330088,0.8835805381201776,0.2548076923076923,0.9496402877697842,88404,11648,258540,219648,11648,0.7875683634218934,0.7877528094031293
0.1471736466617265,0.39704255352437234,0.8840637410544546,0.25600961538461536,0.9496402877697842,88821,11648,258123,219648,11648,0.7875683634218934,0.7877528094031293
0.14716774595083848,0.3985351584306545,0.884542949467716,0.25721153846153844,0.9496402877697842,89238,11648,257706,219648,11648,0.7875683634218934,0.7877528094031293
0.14689768786163843,0.40002498622411303,0.8850182126886667,0.25841346153846156,0.9496402877697842,89655,11648,257289,219648,11648,0.7875683634218934,0.7877528094031293
0.14658030710242365,0.3992838676491219,0.8778087824937583,0.25841346153846156,0.9460431654676259,89655,12480,257289,218816,12480,0.7875683634218934,0.7877528094031293
0.14648574160310435,0.4007688611244594,0.8783056400655277,0.25961538461538464,0.9460431654676259,90072,12480,256872,218816,12480,0.7875683634218934,0.7877528094031293
0.14647315124462706,0.40225110187969676,0.8787984733269236,0.2608173076923077,0.9460431654676259,90489,12480,256455,218816,12480,0.7875683634218934,0.7877528094031293
0.1459142149993395,0.40373059756178803,0.8792873309732459,0.2620192307692308,0.9460431654676259,90906,12480,256038,218816,12480,0.7875683634218934,0.7877528094031293
0.14566055270320155,0.4052073557893896,0.8797722609173145,0.26322115384615385,0.9460431654676259,91323,12480,255621,218816,12480,0.7875683634218934,0.7877528094031293
0.14539855973640692,0.40668138415299093,0.8802533103051238,0.2644230769230769,0.9460431654676259,91740,12480,255204,218816,12480,0.7875683634218934,0.7877528094031293
0.14515425886473476,0.4059327958654501,0.8732818032974146,0.2644230769230769,0.9424460431654677,91740,13312,255204,217984,13312,0.7875683634218934,0.7877528094031293
0.144669730212186,0.4074020861469498,0.8737828176999877,0.265625,0.9424460431654677,92157,13312,254787,217984,13312,0.7875683634218934,0.7877528094031293
0.14440872546329708,0.40886867036194596,0.8742798859150407,0.2668269230769231,0.9424460431654677,92574,13312,254370,217984,13312,0.7875683634218934,0.7877528094031293
0.1432014941244667,0.41033255597941076,0.8747730543822846,0.26802884615384615,0.9424460431654677,92991,13312,253953,217984,13312,0.7875683634218934,0.7877528094031293
0.14319035130635194,0.4117937504408549,0.8752623688155922,0.2692307692307692,0.9424460431654677,93408,13312,253536,217984,13312,0.7875683634218934,0.7877528094031293
0.1430668998489234,0.41325226116045377,0.8757478742171239,0.2704326923076923,0.9424460431654677,93825,13312,253119,217984,13312,0.7875683634218934,0.7877528094031293
0.14288368049492906,0.41470809552517285,0.8762296148911245,0.27163461538461536,0.9424460431654677,94242,13312,252702,217984,13312,0.7875683634218934,0.7877528094031293
0.14281176074750268,0.41616126089489247,0.8767076344574006,0.27283653846153844,0.9424460431654677,94659,13312,252285,217984,13312,0.7875683634218934,0.7877528094031293
0.14271117528508637,0.4176117646025318,0.8771819758644869,0.27403846153846156,0.9424460431654677,95076,13312,251868,217984,13312,0.7875683634218934,0.7877528094031293
0.14268758511742574,0.4190596139541721,0.8776526814025091,0.27524038461538464,0.9424460431654677,95493,13312,251451,217984,13312,0.7875683634218934,0.7877528094031293
0.14261240123278662,0.42050481622917973,0.8781197927157532,0.2764423076923077,0.9424460431654677,95910,13312,251034,217984,13312,0.7875683634218934,0.7877528094031293
0.14202720258432344,0.42194737868032756,0.8785833508149472,0.2776442307692308,0.9424460431654677,96327,13312,250617,217984,13312,0.7875683634218934,0.7877528094031293
0.14103588674941514,0.4233873085339169,0.8790433960892636,0.27884615384615385,0.9424460431654677,96744,13312,250200,217984,13312,0.7875683634218934,0.7877528094031293
0.14008151381152611,0.4248246129898976,0.8794999683180506,0.2800480769230769,0.9424460431654677,97161,13312,249783,217984,13312,0.7875683634218934,0.7877528094031293
0.1397536108324825,0.42625929922198874,0.8799531066822978,0.28125,0.9424460431654677,97578,13312,249366,217984,13312,0.7875683634218934,0.7877528094031293
0.13973536345329285,0.4276913743777973,0.8804028497758452,0.2824519230769231,0.9424460431654677,97995,13312,248949,217984,13312,0.7875683634218934,0.7877528094031293
0.13972347406426983,0.42912084557893726,0.8808492356163403,0.28365384615384615,0.9424460431654677,98412,13312,248532,217984,13312,0.7875683634218934,0.7877528094031293
0.1391097924011958,0.4305477199211475,0.881292301655951,0.2848557692307692,0.9424460431654677,98829,13312,248115,217984,13312,0.7875683634218934,0.7877528094031293
0.13892838270408014,0.43197200447440925,0.8817320847918406,0.2860576923076923,0.9424460431654677,99246,13312,247698,217984,13312,0.7875683634218934,0.7877528094031293
0.13860730574978686,0.4333937062830629,0.8821686213764107,0.28725961538461536,0.9424460431654677,99663,13312,247281,217984,13312,0.7875683634218934,0.7877528094031293
0.13857910743957524,0.434812832365924,0.8826019472273177,0.28846153846153844,0.9424460431654677,100080,13312,246864,217984,13312,0.7875683634218934,0.7877528094031293
0.13846909392436635,0.436229389716399,0.8830320976372694,0.28966346153846156,0.9424460431654677,100497,13312,246447,217984,13312,0.7875683634218934,0.7877528094031293
0.13642401918807479,0.4354430928214738,0.8766235465496637,0.28966346153846156,0.9388489208633094,100497,14144,246447,217152,14144,0.7875683634218934,0.7877528094031293
0.13632610318087313,0.4346596254030453,0.8703073445740562,0.28966346153846156,0.935251798561151,100497,14976,246447,216320,14976,0.7875683634218934,0.7877528094031293
0.13575100573229226,0.4360699516457304,0.8707740098369143,0.29086538461538464,0.935251798561151,100914,14976,246030,216320,14976,0.7875683634218934,0.7877528094031293
0.13524913036910163,0.4374777388499971,0.8712373287936238,0.2920673076923077,0.935251798561151,101331,14976,245613,216320,14976,0.7875683634218934,0.7877528094031293
0.13506164782951857,0.43888299386630086,0.8716973373085227,0.2932692307692308,0.935251798561151,101748,14976,245196,216320,14976,0.7875683634218934,0.7877528094031293
0.13467894616861065,0.4402857235204758,0.8721540707352677,0.29447115384615385,0.935251798561151,102165,14976,244779,216320,14976,0.7875683634218934,0.7877528094031293
0.13448141493218735,0.4416859346138445,0.8726075639258919,0.2956730769230769,0.935251798561151,102582,14976,244362,216320,14976,0.7875683634218934,0.7877528094031293
0.13327588018540737,0.44308363392332856,0.8730578512396694,0.296875,0.935251798561151,102999,14976,243945,216320,14976,0.7875683634218934,0.7877528094031293
0.1331732758754116,0.4444788282015576,0.873504966551794,0.2980769230769231,0.935251798561151,103416,14976,243528,216320,14976,0.7875683634218934,0.7877528094031293
0.13297961377708234,0.44587152417697795,0.8739489432618741,0.29927884615384615,0.935251798561151,103833,14976,243111,216320,14976,0.7875683634218934,0.7877528094031293
0.13217137399822476,0.447261728553961,0.8743898143022495,0.3004807692307692,0.935251798561151,104250,14976,242694,216320,14976,0.7875683634218934,0.7877528094031293
0.13206539538599749,0.4486494480129108,0.8748276121461348,0.3016826923076923,0.935251798561151,104667,14976,242277,216320,14976,0.7875683634218934,0.7877528094031293
0.1315060048488994,0.45003468921037076,0.8752623688155922,0.30288461538461536,0.935251798561151,105084,14976,241860,216320,14976,0.7875683634218934,0.7877528094031293
0.1305512687745225,0.4514174587791306,0.8756941158893399,0.30408653846153844,0.935251798561151,105501,14976,241443,216320,14976,0.7875683634218934,0.7877528094031293
0.13053020748866184,0.4527977633283316,0.8761228845103975,0.30528846153846156,0.935251798561151,105918,14976,241026,216320,14976,0.7875683634218934,0.7877528094031293
0.13010148405393712,0.45417560944357244,0.8765487053935752,0.30649038461538464,0.935251798561151,106335,14976,240609,216320,14976,0.7875683634218934,0.7877528094031293
0.1293759083279672,0.4555510036870135,0.8769716088328076,0.3076923076923077,0.935251798561151,106752,14976,240192,216320,14976,0.7875683634218934,0.7877528094031293
0.12901584145260592,0.4547437295528899,0.8710182767624021,0.3076923076923077,0.9316546762589928,106752,15808,240192,215488,15808,0.7875683634218934,0.7877528094031293
0.12743252146420947,0.456114964004588,0.8714556380461387,0.3088942307692308,0.9316546762589928,107169,15808,239775,215488,15808,0.7875683634218934,0.7877528094031293
0.12611293795357337,0.45748376699309856,0.8718900432760102,0.31009615384615385,0.9316546762589928,107586,15808,239358,215488,15808,0.7875683634218934,0.7877528094031293
0.12585472763587358,0.45885014497987275,0.8723215223203108,0.3112980769230769,0.9316546762589928,108003,15808,238941,215488,15808,0.7875683634218934,0.7877528094031293
0.12545161561375595,0.4602141044034875,0.8727501046462955,0.3125,0.9316546762589928,108420,15808,238524,215488,15808,0.7875683634218934,0.7877528094031293
0.12484458320743896,0.4594028864162168,0.8669438669438669,0.3125,0.9280575539568345,108420,16640,238524,214656,16640,0.7875683634218934,0.7877528094031293
0.12476834953707039,0.4585945232596503,0.8612143742255266,0.3125,0.9244604316546763,108420,17472,238524,213824,17472,0.7875683634218934,0.7877528094031293
0.12447178433876316,0.4599527102839285,0.8616725649003634,0.3137019230769231,0.9244604316546763,108837,17472,238107,213824,17472,0.7875683634218934,0.7877528094031293
0.12440267316532672,0.4613085059218443,0.862127740163818,0.31490384615384615,0.9244604316546763,109254,17472,237690,213824,17472,0.7875683634218934,0.7877528094031293
0.12427117992172054,0.4626619164836834,0.8625799296854723,0.3161057692307692,0.9244604316546763,109671,17472,237273,213824,17472,0.7875683634218934,0.7877528094031293
0.12406601662619787,0.46401294825754896,0.8630291627469426,0.3173076923076923,0.9244604316546763,110088,17472,236856,213824,17472,0.7875683634218934,0.7877528094031293
0.12357324967513361,0.4653616075094595,0.8634754682482009,0.31850961538461536,0.9244604316546763,110505,17472,236439,213824,17472,0.7875683634218934,0.7877528094031293
0.12349697127741355,0.46670790048344546,0.8639188747137717,0.31971153846153844,0.9244604316546763,110922,17472,236022,213824,17472,0.7875683634218934,0.7877528094031293
0.12299476143333998,0.4680518334016458,0.8643594102988099,0.32091346153846156,0.9244604316546763,111339,17472,235605,213824,17472,0.7875683634218934,0.7877528094031293
0.12298460361817809,0.46939341246440364,0.86479710279506,0.32211538461538464,0.9244604316546763,111756,17472,235188,213824,17472,0.7875683634218934,0.7877528094031293
0.12287657154898202,0.4707326438503616,0.8652319796367002,0.3233173076923077,0.9244604316546763,112173,17472,234771,213824,17472,0.7875683634218934,0.7877528094031293
0.12241194448065529,0.472069533716557,0.8656640679060755,0.3245192307692308,0.9244604316546763,112590,17472,234354,213824,17472,0.7875683634218934,0.7877528094031293
0.12235830703715878,0.47340408819851576,0.866093394339319,0.32572115384615385,0.9244604316546763,113007,17472,233937,213824,17472,0.7875683634218934,0.7877528094031293
0.12232017518302973,0.47473631341034656,0.8665199853318665,0.3269230769230769,0.9244604316546763,113424,17472,233520,213824,17472,0.7875683634218934,0.7877528094031293
0.1205359420394796,0.4760662154448341,0.8669438669438669,0.328125,0.9244604316546763,113841,17472,233103,213824,17472,0.7875683634218934,0.7877528094031293
0.12050213100104623,0.4773938003735319,0.8673650649054885,0.3293269230769231,0.9244604316546763,114258,17472,232686,213824,17472,0.7875683634218934,0.7877528094031293
0.1203907465836005,0.478719074246855,0.8677836046221253,0.33052884615384615,0.9244604316546763,114675,17472,232269,213824,17472,0.7875683634218934,0.7877528094031293
0.11911722994154628,0.48004204309417153,0.8681995111795058,0.3317307692307692,0.9244604316546763,115092,17472,231852,213824,17472,0.7875683634218934,0.7877528094031293
0.1189270684953132,0.4813627129238944,0.868612809348704,0.3329326923076923,0.9244604316546763,115509,17472,231435,213824,17472,0.7875683634218934,0.7877528094031293
0.11849154111764881,0.48268108972357193,0.8690235235910584,0.33413461538461536,0.9244604316546763,115926,17472,231018,213824,17472,0.7875683634218934,0.7877528094031293
0.1184428139604971,0.4839971794599789,0.8694316780629974,0.33533653846153844,0.9244604316546763,116343,17472,230601,213824,17472,0.7875683634218934,0.7877528094031293
0.11826584592279565,0.48316102252741433,0.8640593552028638,0.33533653846153844,0.920863309352518,116343,18304,230601,212992,18304,0.7875683634218934,0.7877528094031293
0.11770526468306808,0.4823277497134258,0.8587530170727566,0.33533653846153844,0.9172661870503597,116343,19136,230601,212160,19136,0.7875683634218934,0.7877528094031293
0.11736227123583509,0.4814973461216128,0.8535114554217929,0.33533653846153844,0.9136690647482014,116343,19968,230601,211328,19968,0.7875683634218934,0.7877528094031293
0.11647304369689393,0.48280653004515456,0.8539582236264701,0.33653846153846156,0.9136690647482014,116760,19968,230184,211328,19968,0.7875683634218934,0.7877528094031293
0.1155498604255778,0.4841134584756109,0.8544022749644536,0.33774038461538464,0.9136690647482014,117177,19968,229767,211328,19968,0.7875683634218934,0.7877528094031293
0.11512267610673466,0.4854181372366906,0.85484363414315,0.3389423076923077,0.9136690647482014,117594,19968,229350,211328,19968,0.7875683634218934,0.7877528094031293
0.1148512153930964,0.48672057213207043,0.8552823255712826,0.3401442307692308,0.9136690647482014,118011,19968,228933,211328,19968,0.7875683634218934,0.7877528094031293
0.11471703518228915,0.4880207689454815,0.855718373363392,0.34134615384615385,0.9136690647482014,118428,19968,228516,211328,19968,0.7875683634218934,0.7877528094031293
0.11468692753520415,0.48931873344079446,0.8561518013442545,0.3425480769230769,0.9136690647482014,118845,19968,228099,211328,19968,0.7875683634218934,0.7877528094031293
0.11453118021964703,0.4906144713621049,0.8565826330532212,0.34375,0.9136690647482014,119262,19968,227682,211328,19968,0.7875683634218934,0.7877528094031293
0.1145016217852231,0.4919079884338181,0.8570108917484801,0.3449519230769231,0.9136690647482014,119679,19968,227265,211328,19968,0.7875683634218934,0.7877528094031293
0.11423325942674789,0.4931992903607333,0.8574366004112406,0.34615384615384615,0.9136690647482014,120096,19968,226848,211328,19968,0.7875683634218934,0.7877528094031293
0.1141593463155055,0.49235815021318463,0.8523733817851465,0.34615384615384615,0.9100719424460432,120096,20800,226848,210496,20800,0.7875683634218934,0.7877528094031293
0.1130365135750806,0.491519874271495,0.8473696093926394,0.34615384615384615,0.9064748201438849,120096,21632,226848,209664,21632,0.7875683634218934,0.7877528094031293
0.11302378521977774,0.49280601281157416,0.8478173695873932,0.3473557692307692,0.9064748201438849,120513,21632,226431,209664,21632,0.7875683634218934,0.7877528094031293
0.1126539828965929,0.49408996008220535,0.8482625103463756,0.3485576923076923,0.9064748201438849,120930,21632,226014,209664,21632,0.7875683634218934,0.7877528094031293
0.11238047836966047,0.4953717216787128,0.848705054588436,0.34975961538461536,0.9064748201438849,121347,21632,225597,209664,21632,0.7875683634218934,0.7877528094031293
0.11142798344740545,0.4966513031773871,0.8491450249658289,0.35096153846153844,0.9064748201438849,121764,21632,225180,209664,21632,0.7875683634218934,0.7877528094031293
0.11105400415784561,0.49792871013556605,0.8495824438680787,0.35216346153846156,0.9064748201438849,122181,21632,224763,209664,21632,0.7875683634218934,0.7877528094031293
0.11081937782447521,0.499203948091715,0.8500173334257782,0.35336538461538464,0.9064748201438849,122598,21632,224346,209664,21632,0.7875683634218934,0.7877528094031293
0.11068630873425056,0.5004770225655067,0.850449715514321,0.3545673076923077,0.9064748201438849,123015,21632,223929,209664,21632,0.7875683634218934,0.7877528094031293
0.11008108088074242,0.5017479390579015,0.8508796117575691,0.3557692307692308,0.9064748201438849,123432,21632,223512,209664,21632,0.7875683634218934,0.7877528094031293
0.11005356134067507,0.503016703051226,0.8513070435314577,0.35697115384615385,0.9064748201438849,123849,21632,223095,209664,21632,0.7875683634218934,0.7877528094031293
0.1099082224314577,0.5042833200092525,0.851732031967539,0.3581730769230769,0.9064748201438849,124266,21632,222678,209664,21632,0.7875683634218934,0.7877528094031293
0.10951020269028017,0.5034334398813792,0.8469024739317113,0.3581730769230769,0.9028776978417267,124266,22464,222678,208832,22464,0.7875683634218934,0.7877528094031293
0.1092012275602765,0.5046965032757124,0.8473363371322555,0.359375,0.9028776978417267,124683,22464,222261,208832,22464,0.7875683634218934,0.7877528094031293
0.10915884588418578,0.5038480733366605,0.8425722568742862,0.359375,0.8992805755395683,124683,23296,222261,208000,23296,0.7875683634218934,0.7877528094031293
0.1088664311166167,0.5051076028586425,0.8430146365131136,0.3605769230769231,0.8992805755395683,125100,23296,221844,208000,23296,0.7875683634218934,0.7877528094031293
0.10870544120458725,0.5063650135046001,0.843454536902018,0.36177884615384615,0.8992805755395683,125517,23296,221427,208000,23296,0.7875683634218934,0.7877528094031293
0.10856560940889215,0.5076203106168401,0.8438919788246331,0.3629807692307692,0.8992805755395683,125934,23296,221010,208000,23296,0.7875683634218934,0.7877528094031293
0.10853554530435727,0.5088734995197255,0.8443269828329335,0.3641826923076923,0.8992805755395683,126351,23296,220593,208000,23296,0.7875683634218934,0.7877528094031293
0.10850341250465922,0.5101245855197502,0.8447595692504531,0.36538461538461536,0.8992805755395683,126768,23296,220176,208000,23296,0.7875683634218934,0.7877528094031293
0.10833573825967957,0.5113735739056139,0.8451897581754507,0.36658653846153844,0.8992805755395683,127185,23296,219759,208000,23296,0.7875683634218934,0.7877528094031293
0.10814533528880571,0.5126204699482968,0.8456175694840223,0.36778846153846156,0.8992805755395683,127602,23296,219342,208000,23296,0.7875683634218934,0.7877528094031293
0.10782378858644687,0.5138652789011338,0.8460430228331626,0.36899038461538464,0.8992805755395683,128019,23296,218925,208000,23296,0.7875683634218934,0.7877528094031293
0.10781636780852849,0.5151080059998877,0.8464661376637757,0.3701923076923077,0.8992805755395683,128436,23296,218508,208000,23296,0.7875683634218934,0.7877528094031293
0.10773810590956734,0.5163486564628236,0.846886933203636,0.3713942307692308,0.8992805755395683,128853,23296,218091,208000,23296,0.7875683634218934,0.7877528094031293
0.10691973339437044,0.517587235490781,0.8473054284703013,0.37259615384615385,0.8992805755395683,129270,23296,217674,208000,23296,0.7875683634218934,0.7877528094031293
0.10677722577680937,0.516726559033621,0.842709813687271,0.37259615384615385,0.89568345323741,129270,24128,217674,207168,24128,0.7875683634218934,0.7877528094031293
0.10642613964127307,0.5179617340876549,0.8431362350876053,0.3737980769230769,0.89568345323741,129687,24128,217257,207168,24128,0.7875683634218934,0.7877528094031293
0.10622967688355472,0.519194853704088,0.8435603506405934,0.375,0.89568345323741,130104,24128,216840,207168,24128,0.7875683634218934,0.7877528094031293
0.10622689258997442,0.5204259230092924,0.8439821789988943,0.3762019230769231,0.89568345323741,130521,24128,216423,207168,24128,0.7875683634218934,0.7877528094031293
0.1057177053232854,0.5216549471126073,0.8444017386145254,0.37740384615384615,0.89568345323741,130938,24128,216006,207168,24128,0.7875683634218934,0.7877528094031293
0.10514732407146149,0.5207918192991039,0.8398953161682639,0.37740384615384615,0.8920863309352518,130938,24960,216006,206336,24960,0.7875683634218934,0.7877528094031293
0.1048146581736008,0.5220174900001788,0.8403224258708377,0.3786057692307692,0.8920863309352518,131355,24960,215589,206336,24960,0.7875683634218934,0.7877528094031293
0.10479266723098368,0.5232411312033927,0.8407472628435801,0.3798076923076923,0.8920863309352518,131772,24960,215172,206336,24960,0.7875683634218934,0.7877528094031293
0.10424439191937229,0.5244627479453197,0.8411698451787794,0.38100961538461536,0.8920863309352518,132189,24960,214755,206336,24960,0.7875683634218934,0.7877528094031293
0.10384741698491928,0.5256823452458821,0.8415901907771981,0.38221153846153844,0.8920863309352518,132606,24960,214338,206336,24960,0.7875683634218934,0.7877528094031293
0.10337379099188504,0.5268999281084197,0.842008317350601,0.38341346153846156,0.8920863309352518,133023,24960,213921,206336,24960,0.7875683634218934,0.7877528094031293
0.10299166689412576,0.5281155015197568,0.8424242424242424,0.38461538461538464,0.8920863309352518,133440,24960,213504,206336,24960,0.7875683634218934,0.7877528094031293
0.10293650153453399,0.5272474396257428,0.8380225080385852,0.38461538461538464,0.8884892086330936,133440,25792,213504,205504,25792,0.7875683634218934,0.7877528094031293
0.10245067301112593,0.5263822267104267,0.8336665333866453,0.38461538461538464,0.8848920863309353,133440,26624,213504,204672,26624,0.7875683634218934,0.7877528094031293
0.10195307476844395,0.5275932403803518,0.8340987406608882,0.3858173076923077,0.8848920863309353,133857,26624,213087,204672,26624,0.7875683634218934,0.7877528094031293
0.101885760399828,0.5288022652714821,0.8345287076284355,0.3870192307692308,0.8848920863309353,134274,26624,212670,204672,26624,0.7875683634218934,0.7877528094031293
0.10128682662851629,0.5300093062788853,0.8349564516628956,0.38822115384615385,0.8848920863309353,134691,26624,212253,204672,26624,0.7875683634218934,0.7877528094031293
0.10093190748297676,0.5291431197958715,0.8306721678476937,0.38822115384615385,0.8812949640287769,134691,27456,212253,203840,27456,0.7875683634218934,0.7877528094031293
0.10064900910295038,0.5303469229138699,0.8311065180482764,0.3894230769230769,0.8812949640287769,135108,27456,211836,203840,27456,0.7875683634218934,0.7877528094031293
0.1006383612658246,0.5315487571701721,0.8315386456089974,0.390625,0.8812949640287769,135525,27456,211419,203840,27456,0.7875683634218934,0.7877528094031293
0.10024632133849587,0.5327486273910437,0.8319685675467264,0.3918269230769231,0.8812949640287769,135942,27456,211002,203840,27456,0.7875683634218934,0.7877528094031293
0.09982314566057054,0.5339465383869888,0.8323963007050637,0.39302884615384615,0.8812949640287769,136359,27456,210585,203840,27456,0.7875683634218934,0.7877528094031293
0.09944052195067443,0.5351424949528147,0.8328218617565395,0.3942307692307692,0.8812949640287769,136776,27456,210168,203840,27456,0.7875683634218934,0.7877528094031293
0.09931348340166513,0.5363365018676957,0.8332452672047811,0.3954326923076923,0.8812949640287769,137193,27456,209751,203840,27456,0.7875683634218934,0.7877528094031293
0.09908887206904204,0.5375285638952364,0.8336665333866453,0.39663461538461536,0.8812949640287769,137610,27456,209334,203840,27456,0.7875683634218934,0.7877528094031293
0.0982439163304829,0.538718685783536,0.8340856764743206,0.39783653846153844,0.8812949640287769,138027,27456,208917,203840,27456,0.7875683634218934,0.7877528094031293
0.0981891974811207,0.5378454152776668,0.8299131166761867,0.39783653846153844,0.8776978417266187,138027,28288,208917,203008,28288,0.7875683634218934,0.7877528094031293
0.09809212413125168,0.5390323861733856,0.8303385073051364,0.39903846153846156,0.8776978417266187,138444,28288,208500,203008,28288,0.7875683634218934,0.7877528094031293
0.0980652953739991,0.540217431476406,0.830761775421929,0.40024038461538464,0.8776978417266187,138861,28288,208083,203008,28288,0.7875683634218934,0.7877528094031293
0.09767170962925686,0.5414005558686906,0.8311829368726352,0.4014423076923077,0.8776978417266187,139278,28288,207666,203008,28288,0.7875683634218934,0.7877528094031293
0.09642674176300098,0.5405264853243089,0.8270763310728156,0.4014423076923077,0.8741007194244604,139278,29120,207666,202176,29120,0.7875683634218934,0.7877528094031293
0.09619857932426956,0.5417064947000441,0.8275034801409827,0.4026442307692308,0.8741007194244604,139695,29120,207249,202176,29120,0.7875683634218934,0.7877528094031293
0.09605004226778968,0.5428845975016273,0.827928524156188,0.40384615384615385,0.8741007194244604,140112,29120,206832,202176,29120,0.7875683634218934,0.7877528094031293
0.09585560952132244,0.5440607983460868,0.8283514786411945,0.4050480769230769,0.8741007194244604,140529,29120,206415,202176,29120,0.7875683634218934,0.7877528094031293
0.09473974139208702,0.5452351018355545,0.8287723589665189,0.40625,0.8741007194244604,140946,29120,205998,202176,29120,0.7875683634218934,0.7877528094031293
0.09438479393875066,0.5464075125573269,0.8291911803522932,0.4074519230769231,0.8741007194244604,141363,29120,205581,202176,29120,0.7875683634218934,0.7877528094031293
0.09430921801096859,0.5455303236412682,0.8251641712634621,0.4074519230769231,0.8705035971223022,141363,29952,205581,201344,29952,0.7875683634218934,0.7877528094031293
0.09350009752891686,0.5466996737847905,0.8255887079868632,0.40865384615384615,0.8705035971223022,141780,29952,205164,201344,29952,0.7875683634218934,0.7877528094031293
0.09346746006164364,0.5478671451936358,0.8260111879825035,0.4098557692307692,0.8705035971223022,142197,29952,204747,201344,29952,0.7875683634218934,0.7877528094031293
0.09333201063494012,0.5490327423918693,0.8264316261604255,0.4110576923076923,0.8705035971223022,142614,29952,204330,201344,29952,0.7875683634218934,0.7877528094031293
0.09286521286314908,0.5501964698890421,0.826850037286901,0.41225961538461536,0.8705035971223022,143031,29952,203913,201344,29952,0.7875683634218934,0.7877528094031293
0.09144955585270748,0.5493174385848348,0.8228921554526364,0.41225961538461536,0.8669064748201439,143031,30784,203913,200512,30784,0.7875683634218934,0.7877528094031293
0.09137875743251056,0.5504781494159363,0.8233160383856009,0.41346153846153844,0.8669064748201439,143448,30784,203496,200512,30784,0.7875683634218934,0.7877528094031293
0.0913304371212944,0.5516370043309631,0.8237378971537197,0.41466346153846156,0.8669064748201439,143865,30784,203079,200512,30784,0.7875683634218934,0.7877528094031293
0.09105470590198417,0.5527940077776288,0.824157746221425,0.41586538461538464,0.8669064748201439,144282,30784,202662,200512,30784,0.7875683634218934,0.7877528094031293
0.09084446896597853,0.5539491641894466,0.8245755999156613,0.4170673076923077,0.8669064748201439,144699,30784,202245,200512,30784,0.7875683634218934,0.7877528094031293
0.09075019317642896,0.5551024779857854,0.8249914724275156,0.4182692307692308,0.8669064748201439,145116,30784,201828,200512,30784,0.7875683634218934,0.7877528094031293
0.09071409755196636,0.5562539535719269,0.825405377813824,0.41947115384615385,0.8669064748201439,145533,30784,201411,200512,30784,0.7875683634218934,0.7877528094031293
0.09060733659678899,0.5574035953391206,0.8258173299987552,0.4206730769230769,0.8669064748201439,145950,30784,200994,200512,30784,0.7875683634218934,0.7877528094031293
0.09054311437106899,0.556519418123582,0.8219478954304315,0.4206730769230769,0.8633093525179856,145950,31616,200994,199680,31616,0.7875683634218934,0.7877528094031293
0.09047003592421021,0.5556380415043914,0.8181145528537316,0.4206730769230769,0.8597122302158273,145950,32448,200994,198848,32448,0.7875683634218934,0.7877528094031293
0.0898756781489286,0.5547594521964218,0.8143167996429169,0.4206730769230769,0.8561151079136691,145950,33280,200994,198016,33280,0.7875683634218934,0.7877528094031293
0.08969823118202758,0.5559039178413607,0.8147478109848759,0.421875,0.8561151079136691,146367,33280,200577,198016,33280,0.7875683634218934,0.7877528094031293
0.0896424648736247,0.5570465723480479,0.815176826017416,0.4230769230769231,0.8561151079136691,146784,33280,200160,198016,33280,0.7875683634218934,0.7877528094031293
0.08908356027907838,0.558187420012324,0.8156038585779113,0.42427884615384615,0.8561151079136691,147201,33280,199743,198016,33280,0.7875683634218934,0.7877528094031293
0.08895821344891608,0.5593264651164553,0.8160289223761457,0.4254807692307692,0.8561151079136691,147618,33280,199326,198016,33280,0.7875683634218934,0.7877528094031293
0.0888173081939726,0.5604637119291862,0.8164520309957808,0.4266826923076923,0.8561151079136691,148035,33280,198909,198016,33280,0.7875683634218934,0.7877528094031293
0.08849255606957007,0.5615991647057933,0.8168731978958026,0.42788461538461536,0.8561151079136691,148452,33280,198492,198016,33280,0.7875683634218934,0.7877528094031293
0.0884669520111867,0.562732827688138,0.8172924364119485,0.42908653846153844,0.8561151079136691,148869,33280,198075,198016,33280,0.7875683634218934,0.7877528094031293
0.08817715169875917,0.5638647051047194,0.8177097597581149,0.43028846153846156,0.8561151079136691,149286,33280,197658,198016,33280,0.7875683634218934,0.7877528094031293
0.08711064099929966,0.5649948011707273,0.8181251810277458,0.43149038461538464,0.8561151079136691,149703,33280,197241,198016,33280,0.7875683634218934,0.7877528094031293
0.0867364110864205,0.5641091342775157,0.8144221091858662,0.43149038461538464,0.8525179856115108,149703,34112,197241,197184,34112,0.7875683634218934,0.7877528094031293
0.08642874239588838,0.5652363811617995,0.814842155543011,0.4326923076923077,0.8525179856115108,150120,34112,196824,197184,34112,0.7875683634218934,0.7877528094031293
0.0861450648129568,0.5643524157531465,0.8111788354299053,0.4326923076923077,0.8489208633093526,150120,34944,196824,196352,34944,0.7875683634218934,0.7877528094031293
0.08569328068907467,0.5634712108700548,0.8075483065800232,0.4326923076923077,0.8453237410071942,150120,35776,196824,195520,35776,0.7875683634218934,0.7877528094031293
0.08568190459961555,0.5645945575960559,0.8079790460139658,0.4338942307692308,0.8453237410071942,150537,35776,196407,195520,35776,0.7875683634218934,0.7877528094031293
0.0855973026433583,0.5657161488099477,0.8084078616183795,0.43509615384615385,0.8453237410071942,150954,35776,195990,195520,35776,0.7875683634218934,0.7877528094031293
0.08501066387755163,0.5668359886236615,0.8088347662532661,0.4362980769230769,0.8453237410071942,151371,35776,195573,195520,35776,0.7875683634218934,0.7877528094031293
0.08493344790030166,0.5679540811362973,0.809259772664264,0.4375,0.8453237410071942,151788,35776,195156,195520,35776,0.7875683634218934,0.7877528094031293
0.08487569952563656,0.569070430434173,0.809682893483916,0.4387019230769231,0.8453237410071942,152205,35776,194739,195520,35776,0.7875683634218934,0.7877528094031293
0.08473313703133983,0.568186696580726,0.8061150450445679,0.4387019230769231,0.841726618705036,152205,36608,194739,194688,36608,0.7875683634218934,0.7877528094031293
0.08435554525001038,0.5673057032477371,0.8025785019378312,0.4387019230769231,0.8381294964028777,152205,37440,194739,193856,37440,0.7875683634218934,0.7877528094031293
0.08427912854783293,0.568418229963911,0.8030116488303817,0.43990384615384615,0.8381294964028777,152622,37440,194322,193856,37440,0.7875683634218934,0.7877528094031293
0.08400982720819483,0.5675389243601233,0.799511770930464,0.43990384615384615,0.8345323741007195,152622,38272,194322,193024,38272,0.7875683634218934,0.7877528094031293
0.0839413823382521,0.5686486888184968,0.7999487745085228,0.4411057692307692,0.8345323741007195,153039,38272,193905,193024,38272,0.7875683634218934,0.7877528094031293
0.08386628846271571,0.5697567350818309,0.800383877159309,0.4423076923076923,0.8345323741007195,153456,38272,193488,193024,38272,0.7875683634218934,0.7877528094031293
0.08300546955782884,0.5708630671373373,0.8008170912592053,0.44350961538461536,0.8345323741007195,153873,38272,193071,193024,38272,0.7875683634218934,0.7877528094031293
0.08290144263193078,0.5719676889599004,0.801248429077388,0.44471153846153844,0.8345323741007195,154290,38272,192654,193024,38272,0.7875683634218934,0.7877528094031293
0.0828473797271756,0.5730706045121249,0.8016779027769861,0.44591346153846156,0.8345323741007195,154707,38272,192237,193024,38272,0.7875683634218934,0.7877528094031293
0.08263886525423558,0.5741718177443832,0.8021055244162237,0.44711538461538464,0.8345323741007195,155124,38272,191820,193024,38272,0.7875683634218934,0.7877528094031293
0.08223959860026175,0.5732890836924305,0.7986696047943654,0.44711538461538464,0.8309352517985612,155124,39104,191820,192192,39104,0.7875683634218934,0.7877528094031293
0.08209647106831319,0.5743875891127774,0.7991009273292404,0.4483173076923077,0.8309352517985612,155541,39104,191403,192192,39104,0.7875683634218934,0.7877528094031293
0.08193384729260722,0.5754844042316875,0.7995304057171566,0.4495192307692308,0.8309352517985612,155958,39104,190986,192192,39104,0.7875683634218934,0.7877528094031293
0.08129444155715826,0.5765795329475336,0.7999580517600356,0.45072115384615385,0.8309352517985612,156375,39104,190569,192192,39104,0.7875683634218934,0.7877528094031293
0.08128358300491911,0.5776729791467099,0.800383877159309,0.4519230769230769,0.8309352517985612,156792,39104,190152,192192,39104,0.7875683634218934,0.7877528094031293
0.08127265013662377,0.5767889462764314,0.7969989020373307,0.4519230769230769,0.8273381294964028,156792,39936,190152,191360,39936,0.7875683634218934,0.7877528094031293
0.08074276186953455,0.5759076150037465,0.7936424377404333,0.4519230769230769,0.8237410071942446,156792,40768,190152,190528,40768,0.7875683634218934,0.7877528094031293
0.0806546937818301,0.5750289729634573,0.7903141255695795,0.4519230769230769,0.8201438848920863,156792,41600,190152,189696,41600,0.7875683634218934,0.7877528094031293
0.08054446189192177,0.5761177675615159,0.7907539397109788,0.453125,0.8201438848920863,157209,41600,189735,189696,41600,0.7875683634218934,0.7877528094031293
0.08041313372170378,0.5772048995733929,0.7911919127021574,0.4543269230769231,0.8201438848920863,157626,41600,189318,189696,41600,0.7875683634218934,0.7877528094031293
0.08040168520081536,0.5782903728043294,0.791628056080103,0.45552884615384615,0.8201438848920863,158043,41600,188901,189696,41600,0.7875683634218934,0.7877528094031293
0.07998297350660721,0.5793741910479631,0.7920623812856143,0.4567307692307692,0.8201438848920863,158460,41600,188484,189696,41600,0.7875683634218934,0.7877528094031293
0.07995338049766532,0.5804563580863723,0.7924948996643006,0.4579326923076923,0.8201438848920863,158877,41600,188067,189696,41600,0.7875683634218934,0.7877528094031293
0.07956831059744046,0.5815368776901201,0.7929256224675699,0.45913461538461536,0.8201438848920863,159294,41600,187650,189696,41600,0.7875683634218934,0.7877528094031293
0.07948397481323555,0.5826157536182981,0.7933545608536047,0.46033653846153844,0.8201438848920863,159711,41600,187233,189696,41600,0.7875683634218934,0.7877528094031293
0.07922429552773524,0.58369298961857,0.7937817258883249,0.46153846153846156,0.8201438848920863,160128,41600,186816,189696,41600,0.7875683634218934,0.7877528094031293
0.07909149674436067,0.5847685894272149,0.7942071285463405,0.46274038461538464,0.8201438848920863,160545,41600,186399,189696,41600,0.7875683634218934,0.7877528094031293
0.07841173318641559,0.5858425567691709,0.7946307797118907,0.4639423076923077,0.8201438848920863,160962,41600,185982,189696,41600,0.7875683634218934,0.7877528094031293
0.07812305715400514,0.5869148953580774,0.7950526901797723,0.4651442307692308,0.8201438848920863,161379,41600,185565,189696,41600,0.7875683634218934,0.7877528094031293
0.07799859595072267,0.5879856088963187,0.7954728706562567,0.46634615384615385,0.8201438848920863,161796,41600,185148,189696,41600,0.7875683634218934,0.7877528094031293
0.0778311093050651,0.5890547010750657,0.7958913317599957,0.4675480769230769,0.8201438848920863,162213,41600,184731,189696,41600,0.7875683634218934,0.7877528094031293
0.07754601468356048,0.5901221755743196,0.7963080840229153,0.46875,0.8201438848920863,162630,41600,184314,189696,41600,0.7875683634218934,0.7877528094031293
0.07736960460382275,0.5892327257312421,0.7930772156713579,0.46875,0.8165467625899281,162630,42432,184314,188864,42432,0.7875683634218934,0.7877528094031293
0.07720192691450989,0.5902976523424984,0.7934971456937205,0.4699519230769231,0.8165467625899281,163047,42432,183897,188864,42432,0.7875683634218934,0.7877528094031293
0.0769981339440261,0.5913609724332537,0.7939153747523021,0.47115384615384615,0.8165467625899281,163464,42432,183480,188864,42432,0.7875683634218934,0.7877528094031293
0.0767003410657856,0.5924226896361005,0.7943319131610708,0.4723557692307692,0.8165467625899281,163881,42432,183063,188864,42432,0.7875683634218934,0.7877528094031293
0.07650747667215552,0.5915331291543416,0.7911414709503005,0.4723557692307692,0.8129496402877698,163881,43264,183063,188032,43264,0.7875683634218934,0.7877528094031293
0.07638968969248705,0.5925923254211857,0.7915610757267708,0.4735576923076923,0.8129496402877698,164298,43264,182646,188032,43264,0.7875683634218934,0.7877528094031293
0.07624536574083568,0.5936499298100818,0.7919789978795936,0.47475961538461536,0.8129496402877698,164715,43264,182229,188032,43264,0.7875683634218934,0.7877528094031293
0.07615593051761954,0.5947059459070119,0.7923952475095491,0.47596153846153844,0.8129496402877698,165132,43264,181812,188032,43264,0.7875683634218934,0.7877528094031293
0.07562626086452973,0.5938163014319311,0.789244269409448,0.47596153846153844,0.8093525179856115,165132,44096,181812,187200,44096,0.7875683634218934,0.7877528094031293
0.07538178664108952,0.5948698231549672,0.7896634787378664,0.47716346153846156,0.8093525179856115,165549,44096,181395,187200,44096,0.7875683634218934,0.7877528094031293
0.07521255530677673,0.5959217674495427,0.7900810236977654,0.47836538461538464,0.8093525179856115,165966,44096,180978,187200,44096,0.7875683634218934,0.7877528094031293
0.07512893668301579,0.5969721378558115,0.7904969141814623,0.4795673076923077,0.8093525179856115,166383,44096,180561,187200,44096,0.7875683634218934,0.7877528094031293
0.07510562724070019,0.5960824354461671,0.7873844712296094,0.4795673076923077,0.8057553956834532,166383,44928,180561,186368,44928,0.7875683634218934,0.7877528094031293
0.07492743986279282,0.5951953810408755,0.7842964415512178,0.4795673076923077,0.802158273381295,166383,45760,180561,185536,45760,0.7875683634218934,0.7877528094031293
0.07464129981311807,0.5962423861134147,0.7847196085811066,0.4807692307692308,0.802158273381295,166800,45760,180144,185536,45760,0.7875683634218934,0.7877528094031293
0.07430990719987618,0.5972878316762543,0.7851411185245355,0.48197115384615385,0.802158273381295,167217,45760,179727,185536,45760,0.7875683634218934,0.7877528094031293
0.07425184751441449,0.5983317212111261,0.7855609810960008,0.4831730769230769,0.802158273381295,167634,45760,179310,185536,45760,0.7875683634218934,0.7877528094031293
0.07403922553490683,0.5993740581894054,0.7859792059342129,0.484375,0.802158273381295,168051,45760,178893,185536,45760,0.7875683634218934,0.7877528094031293
0.07393721875934378,0.600414846072149,0.7863958026028344,0.4855769230769231,0.802158273381295,168468,45760,178476,185536,45760,0.7875683634218934,0.7877528094031293
0.07307812756473447,0.6014540883101342,0.7868107805912088,0.48677884615384615,0.802158273381295,168885,45760,178059,185536,45760,0.7875683634218934,0.7877528094031293
0.0726430907399967,0.6024917883438967,0.7872241493150812,0.4879807692307692,0.802158273381295,169302,45760,177642,185536,45760,0.7875683634218934,0.7877528094031293
0.07262673843088013,0.6016011712073456,0.7841903897282926,0.4879807692307692,0.7985611510791367,169302,46592,177642,184704,46592,0.7875683634218934,0.7877528094031293
0.072523898097,0.6026364612830778,0.7846064231592476,0.4891826923076923,0.7985611510791367,169719,46592,177225,184704,46592,0.7875683634218934,0.7877528094031293
0.07207296630851301,0.6036702195603116,0.7850208556347127,0.49038461538461536,0.7985611510791367,170136,46592,176808,184704,46592,0.7875683634218934,0.7877528094031293
0.07203077549245251,0.6047024494361706,0.7854336963779963,0.49158653846153844,0.7985611510791367,170553,46592,176391,184704,46592,0.7875683634218934,0.7877528094031293
0.07101725739861475,0.6038118604194215,0.7824357615711749,0.49158653846153844,0.7949640287769785,170553,47424,176391,183872,47424,0.7875683634218934,0.7877528094031293
0.07076351535109948,0.6048417053161118,0.7828511772301436,0.49278846153846156,0.7949640287769785,170970,47424,175974,183872,47424,0.7875683634218934,0.7877528094031293
0.07041405568451176,0.6039528763445609,0.7798801237079543,0.49278846153846156,0.7913669064748201,170970,48256,175974,183040,48256,0.7875683634218934,0.7877528094031293
0.07030944573492459,0.6049803472370527,0.7802980290744527,0.49399038461538464,0.7913669064748201,171387,48256,175557,183040,48256,0.7875683634218934,0.7877528094031293
0.0702911600714855,0.6060063068338142,0.780714350631646,0.4951923076923077,0.7913669064748201,171804,48256,175140,183040,48256,0.7875683634218934,0.7877528094031293
0.06978666550806573,0.6070307584668174,0.7811290973661652,0.4963942307692308,0.7913669064748201,172221,48256,174723,183040,48256,0.7875683634218934,0.7877528094031293
0.06964529719138735,0.6061419825324283,0.7781924820047987,0.4963942307692308,0.7877697841726619,172221,49088,174723,182208,49088,0.7875683634218934,0.7877528094031293
0.06964163987156724,0.6071640846184958,0.7786096353156599,0.49759615384615385,0.7877697841726619,172638,49088,174306,182208,49088,0.7875683634218934,0.7877528094031293
0.06937678331924363,0.6062770631183033,0.7756989189334915,0.49759615384615385,0.7841726618705036,172638,49920,174306,181376,49920,0.7875683634218934,0.7877528094031293
0.06936458256835143,0.6053926295819643,0.7728098840592685,0.49759615384615385,0.7805755395683454,172638,50752,174306,180544,50752,0.7875683634218934,0.7877528094031293
0.06879714595638464,0.6045107727000557,0.7699422893382452,0.49759615384615385,0.7769784172661871,172638,51584,174306,179712,51584,0.7875683634218934,0.7877528094031293
0.06828978108451789,0.6055288558267128,0.7703693481541496,0.4987980769230769,0.7769784172661871,173055,51584,173889,179712,51584,0.7875683634218934,0.7877528094031293
0.06823812763424508,0.6065454545454545,0.7707948243992606,0.5,0.7769784172661871,173472,51584,173472,179712,51584,0.7875683634218934,0.7877528094031293
0.06731001164683181,0.6075605721004094,0.7712187268542131,0.5012019230769231,0.7769784172661871,173889,51584,173055,179712,51584,0.7875683634218934,0.7877528094031293
0.06679611818853937,0.6085742117262593,0.7716410642348045,0.5024038461538461,0.7769784172661871,174306,51584,172638,179712,51584,0.7875683634218934,0.7877528094031293
0.06590595770794239,0.607691583604397,0.7688093788869188,0.5024038461538461,0.7733812949640287,174306,52416,172638,178880,52416,0.7875683634218934,0.7877528094031293
0.0658080521532019,0.6087029227481043,0.7692338171780275,0.5036057692307693,0.7733812949640287,174723,52416,172221,178880,52416,0.7875683634218934,0.7877528094031293
0.06573012901236219,0.6097127937336815,0.769656699889258,0.5048076923076923,0.7733812949640287,175140,52416,171804,178880,52416,0.7875683634218934,0.7877528094031293
0.06566185847722061,0.6107211997557909,0.7700780355568423,0.5060096153846154,0.7733812949640287,175557,52416,171387,178880,52416,0.7875683634218934,0.7877528094031293
0.0656022322503434,0.60983866233376,0.7672778129848561,0.5060096153846154,0.7697841726618705,175557,53248,171387,178048,53248,0.7875683634218934,0.7877528094031293
0.06540856347964463,0.6108447912580749,0.7677011805149593,0.5072115384615384,0.7697841726618705,175974,53248,170970,178048,53248,0.7875683634218934,0.7877528094031293
0.06536920610725838,0.6118494648645555,0.7681230104642504,0.5084134615384616,0.7697841726618705,176391,53248,170553,178048,53248,0.7875683634218934,0.7877528094031293
0.06527852030873443,0.6128526863084922,0.7685433111937963,0.5096153846153846,0.7697841726618705,176808,53248,170136,178048,53248,0.7875683634218934,0.7877528094031293
0.06502542049377014,0.6138544587360608,0.7689620910041524,0.5108173076923077,0.7697841726618705,177225,53248,169719,178048,53248,0.7875683634218934,0.7877528094031293
0.06453910056318057,0.614854785284355,0.7693793581359089,0.5120192307692307,0.7697841726618705,177642,53248,169302,178048,53248,0.7875683634218934,0.7877528094031293
0.06438492366575915,0.6139707534225269,0.7666168943820613,0.5120192307692307,0.7661870503597122,177642,54080,169302,177216,54080,0.7875683634218934,0.7877528094031293
0.06437851700951847,0.6149688386638875,0.7670361292156854,0.5132211538461539,0.7661870503597122,178059,54080,168885,177216,54080,0.7875683634218934,0.7877528094031293
0.06386876527238022,0.6159654874892149,0.7674538605755173,0.5144230769230769,0.7661870503597122,178476,54080,168468,177216,54080,0.7875683634218934,0.7877528094031293
0.06372543392490426,0.616960702997153,0.7678700965347915,0.515625,0.7661870503597122,178893,54080,168051,177216,54080,0.7875683634218934,0.7877528094031293
0.06336735942537186,0.6179544882774403,0.7682848451090449,0.5168269230769231,0.7661870503597122,179310,54080,167634,177216,54080,0.7875683634218934,0.7877528094031293
0.06292361368930577,0.6189468464109403,0.7686981142566305,0.5180288461538461,0.7661870503597122,179727,54080,167217,177216,54080,0.7875683634218934,0.7877528094031293
0.06272704359703163,0.6199377804696748,0.7691099118792267,0.5192307692307693,0.7661870503597122,180144,54080,166800,177216,54080,0.7875683634218934,0.7877528094031293
0.06254733698694659,0.6209272935168548,0.7695202458223414,0.5204326923076923,0.7661870503597122,180561,54080,166383,177216,54080,0.7875683634218934,0.7877528094031293
0.061426019136780696,0.621915388606912,0.7699291238758094,0.5216346153846154,0.7661870503597122,180978,54080,165966,177216,54080,0.7875683634218934,0.7877528094031293
0.06134823792379285,0.6229020687855307,0.770336553774286,0.5228365384615384,0.7661870503597122,181395,54080,165549,177216,54080,0.7875683634218934,0.7877528094031293
0.06114536086828881,0.6238873370896787,0.7707425431977346,0.5240384615384616,0.7661870503597122,181812,54080,165132,177216,54080,0.7875683634218934,0.7877528094031293
0.061071833031115186,0.6229980057155781,0.7680336594515131,0.5240384615384616,0.762589928057554,181812,54912,165132,176384,54912,0.7875683634218934,0.7877528094031293
0.06075140997801087,0.6239810986414649,0.7684415600845067,0.5252403846153846,0.762589928057554,182229,54912,164715,176384,54912,0.7875683634218934,0.7877528094031293
0.06074988185485497,0.6230935329286036,0.7657549385854698,0.5252403846153846,0.7589928057553957,182229,55744,164715,175552,55744,0.7875683634218934,0.7877528094031293
0.060580588225517484,0.6240744600518678,0.7661646881161123,0.5264423076923077,0.7589928057553957,182646,55744,164298,175552,55744,0.7875683634218934,0.7877528094031293
0.06046282861843072,0.6231886530436771,0.7635000125406526,0.5264423076923077,0.7553956834532374,182646,56576,164298,174720,56576,0.7875683634218934,0.7877528094031293
0.06023267895705564,0.6223053570880991,0.760853807893224,0.5264423076923077,0.7517985611510791,182646,57408,164298,173888,57408,0.7875683634218934,0.7877528094031293
0.060163762758005446,0.623283368657593,0.7612685105480494,0.5276442307692307,0.7517985611510791,183063,57408,163881,173888,57408,0.7875683634218934,0.7877528094031293
0.060068200352793644,0.6242599926509615,0.7616817774235329,0.5288461538461539,0.7517985611510791,183480,57408,163464,173888,57408,0.7875683634218934,0.7877528094031293
0.05989274970324565,0.6252352320190939,0.7620936159632001,0.5300480769230769,0.7517985611510791,183897,57408,163047,173888,57408,0.7875683634218934,0.7877528094031293
0.059744849255795984,0.6262090897045184,0.7625040335592127,0.53125,0.7517985611510791,184314,57408,162630,173888,57408,0.7875683634218934,0.7877528094031293
0.059722028552749995,0.6271815686414308,0.7629130375528106,0.5324519230769231,0.7517985611510791,184731,57408,162213,173888,57408,0.7875683634218934,0.7877528094031293
0.059574076222255856,0.6281526717557252,0.7633206352347499,0.5336538461538461,0.7517985611510791,185148,57408,161796,173888,57408,0.7875683634218934,0.7877528094031293
0.05938134866688394,0.6291224019650222,0.7637268338457359,0.5348557692307693,0.7517985611510791,185565,57408,161379,173888,57408,0.7875683634218934,0.7877528094031293
0.05934349849846754,0.6300907621786989,0.764131640576852,0.5360576923076923,0.7517985611510791,185982,57408,160962,173888,57408,0.7875683634218934,0.7877528094031293
0.05920840497096164,0.6292039799311868,0.7615284454307966,0.5360576923076923,0.7482014388489209,185982,58240,160962,173056,58240,0.7875683634218934,0.7877528094031293
0.059167207561452995,0.6301702381576212,0.7619349326967491,0.5372596153846154,0.7482014388489209,186399,58240,160545,173056,58240,0.7875683634218934,0.7877528094031293
0.05895652387729611,0.6311351351351351,0.7623400365630713,0.5384615384615384,0.7482014388489209,186816,58240,160128,173056,58240,0.7875683634218934,0.7877528094031293
0.05844204255713292,0.6320986737382621,0.7627437640799599,0.5396634615384616,0.7482014388489209,187233,58240,159711,173056,58240,0.7875683634218934,0.7877528094031293
0.05828283473113549,0.6312121891482328,0.7601672722843629,0.5396634615384616,0.7446043165467626,187233,59072,159711,172224,59072,0.7875683634218934,0.7877528094031293
0.05796132887295702,0.6303281875703818,0.7576081282851213,0.5396634615384616,0.7410071942446043,187233,59904,159711,171392,59904,0.7875683634218934,0.7877528094031293
0.057922728857293604,0.6312889193908138,0.7580164327783029,0.5408653846153846,0.7410071942446043,187650,59904,159294,171392,59904,0.7875683634218934,0.7877528094031293
0.05790177632174831,0.6322483043796172,0.7584233640224058,0.5420673076923077,0.7410071942446043,188067,59904,158877,171392,59904,0.7875683634218934,0.7877528094031293
0.05780929136449642,0.6332063453669549,0.758828928933765,0.5432692307692307,0.7410071942446043,188484,59904,158460,171392,59904,0.7875683634218934,0.7877528094031293
0.05778522504403416,0.6341630451750654,0.7592331343823476,0.5444711538461539,0.7410071942446043,188901,59904,158043,171392,59904,0.7875683634218934,0.7877528094031293
0.057741003732047824,0.6351184066182909,0.759635987192142,0.5456730769230769,0.7410071942446043,189318,59904,157626,171392,59904,0.7875683634218934,0.7877528094031293
0.05749191509202212,0.6342332805135026,0.7571084645716525,0.5456730769230769,0.737410071942446,189318,60736,157626,170560,60736,0.7875683634218934,0.7877528094031293
0.05730539219770325,0.6351865955826352,0.7575128457985156,0.546875,0.737410071942446,189735,60736,157209,170560,60736,0.7875683634218934,0.7877528094031293
0.05710302899122777,0.6361385807384015,0.75791588278435,0.5480769230769231,0.737410071942446,190152,60736,156792,170560,60736,0.7875683634218934,0.7877528094031293
0.05695238216562559,0.6370892387617865,0.7583175822208074,0.5492788461538461,0.737410071942446,190569,60736,156375,170560,60736,0.7875683634218934,0.7877528094031293
0.05676685592060671,0.6380385724260272,0.7587179507551982,0.5504807692307693,0.737410071942446,190986,60736,155958,170560,60736,0.7875683634218934,0.7877528094031293
0.05671691290245651,0.638986584496639,0.7591169949908582,0.5516826923076923,0.737410071942446,191403,60736,155541,170560,60736,0.7875683634218934,0.7877528094031293
0.056543827871121444,0.6399332777314428,0.7595147214875116,0.5528846153846154,0.737410071942446,191820,60736,155124,170560,60736,0.7875683634218934,0.7877528094031293
0.05609336663898973,0.6390463943284715,0.7570208533947937,0.5528846153846154,0.7338129496402878,191820,61568,155124,169728,61568,0.7875683634218934,0.7877528094031293
0.05601171007993311,0.6399910778045407,0.7574200665865527,0.5540865384615384,0.7338129496402878,192237,61568,154707,169728,61568,0.7875683634218934,0.7877528094031293
0.05580322124657666,0.6409344507174392,0.7578179701206033,0.5552884615384616,0.7338129496402878,192654,61568,154290,169728,61568,0.7875683634218934,0.7877528094031293
0.05571039409855649,0.6418765157925008,0.7582145704310809,0.5564903846153846,0.7338129496402878,193071,61568,153873,169728,61568,0.7875683634218934,0.7877528094031293
0.055494275327387044,0.6428172757475084,0.7586098739100433,0.5576923076923077,0.7338129496402878,193488,61568,153456,169728,61568,0.7875683634218934,0.7877528094031293
0.05539007831980913,0.6437567332927192,0.7590038869078142,0.5588942307692307,0.7338129496402878,193905,61568,153039,169728,61568,0.7875683634218934,0.7877528094031293
0.055122637654646534,0.6446948911308917,0.759396615733323,0.5600961538461539,0.7338129496402878,194322,61568,152622,169728,61568,0.7875683634218934,0.7877528094031293
0.05501941635094876,0.6456317519573113,0.7597880666544418,0.5612980769230769,0.7338129496402878,194739,61568,152205,169728,61568,0.7875683634218934,0.7877528094031293
0.054941423075173745,0.6465673184598156,0.7601782458983188,0.5625,0.7338129496402878,195156,61568,151788,169728,61568,0.7875683634218934,0.7877528094031293
0.0549195294039454,0.6475015933188211,0.7605671596517086,0.5637019230769231,0.7338129496402878,195573,61568,151371,169728,61568,0.7875683634218934,0.7877528094031293
0.05439263608421596,0.6484345792073475,0.7609548140612988,0.5649038461538461,0.7338129496402878,195990,61568,150954,169728,61568,0.7875683634218934,0.7877528094031293
0.05399459335712464,0.6493662787910448,0.7613412152340343,0.5661057692307693,0.7338129496402878,196407,61568,150537,169728,61568,0.7875683634218934,0.7877528094031293
0.05377180242799995,0.6484743731335153,0.7588936929835747,0.5661057692307693,0.7302158273381295,196407,62400,150537,168896,62400,0.7875683634218934,0.7877528094031293
0.053559897650277244,0.6494041255889457,0.7592815480048144,0.5673076923076923,0.7302158273381295,196824,62400,150120,168896,62400,0.7875683634218934,0.7877528094031293
0.05345925093426984,0.6503325997180939,0.7596681571862687,0.5685096153846154,0.7302158273381295,197241,62400,149703,168896,62400,0.7875683634218934,0.7877528094031293
0.05345775976295242,0.6494418167420405,0.7572416334898435,0.5685096153846154,0.7266187050359713,197241,63232,149703,168064,63232,0.7875683634218934,0.7877528094031293
0.05299374356669462,0.650368357150143,0.7576296523438997,0.5697115384615384,0.7266187050359713,197658,63232,149286,168064,63232,0.7875683634218934,0.7877528094031293
0.052980488016831084,0.6512936271374811,0.7580164327783029,0.5709134615384616,0.7266187050359713,198075,63232,148869,168064,63232,0.7875683634218934,0.7877528094031293
0.052606926479255134,0.6522176293151604,0.7584019807125063,0.5721153846153846,0.7266187050359713,198492,63232,148452,168064,63232,0.7875683634218934,0.7877528094031293
0.05248954848126719,0.6531403662871357,0.7587863020282978,0.5733173076923077,0.7266187050359713,198909,63232,148035,168064,63232,0.7875683634218934,0.7877528094031293
0.05240509830689977,0.6540618406502358,0.7591694025700988,0.5745192307692307,0.7266187050359713,199326,63232,147618,168064,63232,0.7875683634218934,0.7877528094031293
0.05210395338589946,0.6549820549941877,0.759551288145261,0.5757211538461539,0.7266187050359713,199743,63232,147201,168064,63232,0.7875683634218934,0.7877528094031293
0.052080268392782125,0.6559010119016411,0.7599319645243592,0.5769230769230769,0.7266187050359713,200160,63232,146784,168064,63232,0.7875683634218934,0.7877528094031293
0.052062986626316254,0.655008115608147,0.7575390577691655,0.5769230769230769,0.7230215827338129,200160,64064,146784,167232,64064,0.7875683634218934,0.7877528094031293
0.05166381376538032,0.6559251780210437,0.7579211082183033,0.578125,0.7230215827338129,200577,64064,146367,167232,64064,0.7875683634218934,0.7877528094031293
0.05166009690376927,0.6550340699229447,0.7555457617158807,0.578125,0.7194244604316546,200577,64896,146367,166400,64896,0.7875683634218934,0.7877528094031293
0.05098768953173649,0.6541453797723273,0.7531852575054918,0.578125,0.7158273381294964,200577,65728,146367,165568,65728,0.7875683634218934,0.7877528094031293
0.050924599178155505,0.6550599185876356,0.7535711339896971,0.5793269230769231,0.7158273381294964,200994,65728,145950,165568,65728,0.7875683634218934,0.7877528094031293
0.05083744869222273,0.6559732153471111,0.7539558057790139,0.5805288461538461,0.7158273381294964,201411,65728,145533,165568,65728,0.7875683634218934,0.7877528094031293
0.05041902321665359,0.6568852725793328,0.7543392785061819,0.5817307692307693,0.7158273381294964,201828,65728,145116,165568,65728,0.7875683634218934,0.7877528094031293
0.05041882821145327,0.6559970877510027,0.7520008346125758,0.5817307692307693,0.7122302158273381,201828,66560,145116,164736,66560,0.7875683634218934,0.7877528094031293
0.05016941035769096,0.6569072787775538,0.7523855583043471,0.5829326923076923,0.7122302158273381,202245,66560,144699,164736,66560,0.7875683634218934,0.7877528094031293
0.05001217576803296,0.6578162378320128,0.7527690901932235,0.5841346153846154,0.7122302158273381,202662,66560,144282,164736,66560,0.7875683634218934,0.7877528094031293
0.04974890318173053,0.6587239674139572,0.7531514358086182,0.5853365384615384,0.7122302158273381,203079,66560,143865,164736,66560,0.7875683634218934,0.7877528094031293
0.04927058660146855,0.6596304700162074,0.753532600645792,0.5865384615384616,0.7122302158273381,203496,66560,143448,164736,66560,0.7875683634218934,0.7877528094031293
0.04901903265095153,0.6605357481248492,0.7539125901661164,0.5877403846153846,0.7122302158273381,203913,66560,143031,164736,66560,0.7875683634218934,0.7877528094031293
0.048919412820674024,0.6614398042192563,0.7542914097973347,0.5889423076923077,0.7122302158273381,204330,66560,142614,164736,66560,0.7875683634218934,0.7877528094031293
0.04868287857851389,0.6605502807653888,0.751981804932983,0.5889423076923077,0.7086330935251799,204330,67392,142614,163904,67392,0.7875683634218934,0.7877528094031293
0.04861330928079488,0.6614525031377053,0.7523618444985835,0.5901442307692307,0.7086330935251799,204747,67392,142197,163904,67392,0.7875683634218934,0.7877528094031293
0.048447963157630336,0.6623535108958838,0.7527407211728966,0.5913461538461539,0.7086330935251799,205164,67392,141780,163904,67392,0.7875683634218934,0.7877528094031293
0.0483879887861568,0.6632533064910302,0.753118440285303,0.5925480769230769,0.7086330935251799,205581,67392,141363,163904,67392,0.7875683634218934,0.7877528094031293
0.04833023631434025,0.6623643372764193,0.7508299702342909,0.5925480769230769,0.7050359712230215,205581,68224,141363,163072,68224,0.7875683634218934,0.7877528094031293
0.048272646154721155,0.6632623163534386,0.7512088745614867,0.59375,0.7050359712230215,205998,68224,140946,163072,68224,0.7875683634218934,0.7877528094031293
0.048228321261391816,0.6623751201772353,0.7489365724548634,0.59375,0.7014388489208633,205998,69056,140946,162240,69056,0.7875683634218934,0.7877528094031293
0.04812009553038599,0.6614902943018159,0.7466779756856092,0.59375,0.697841726618705,205998,69888,140946,161408,69888,0.7875683634218934,0.7877528094031293
0.04803619557329908,0.6623858598597346,0.7470602925049674,0.5949519230769231,0.697841726618705,206415,69888,140529,161408,69888,0.7875683634218934,0.7877528094031293
0.04801467828675454,0.6632802278149773,0.747441457068517,0.5961538461538461,0.697841726618705,206832,69888,140112,161408,69888,0.7875683634218934,0.7877528094031293
0.04775969194017049,0.6623965565832287,0.7452008992909437,0.5961538461538461,0.6942446043165468,206832,70720,140112,160576,70720,0.7875683634218934,0.7877528094031293
0.04771604142120939,0.6632891298468747,0.7455831405660344,0.5973557692307693,0.6942446043165468,207249,70720,139695,160576,70720,0.7875683634218934,0.7877528094031293
0.047679454116487,0.6641805126893,0.7459642367073057,0.5985576923076923,0.6942446043165468,207666,70720,139278,160576,70720,0.7875683634218934,0.7877528094031293
0.047638227579981374,0.6650707074904074,0.7463441928530181,0.5997596153846154,0.6942446043165468,208083,70720,138861,160576,70720,0.7875683634218934,0.7877528094031293
0.04761778508437964,0.6641875964563128,0.7441235896794035,0.5997596153846154,0.6906474820143885,208083,71552,138861,159744,71552,0.7875683634218934,0.7877528094031293
0.04758514825771332,0.6650760132441036,0.744504592004342,0.6009615384615384,0.6906474820143885,208500,71552,138444,159744,71552,0.7875683634218934,0.7877528094031293
0.04717004963113447,0.6659632490879214,0.7448844613843241,0.6021634615384616,0.6906474820143885,208917,71552,138027,159744,71552,0.7875683634218934,0.7877528094031293
0.046963353514972606,0.6668493063408885,0.7452632028652193,0.6033653846153846,0.6906474820143885,209334,71552,137610,159744,71552,0.7875683634218934,0.7877528094031293
0.046884416334294965,0.6677341873498799,0.7456408214629776,0.6045673076923077,0.6906474820143885,209751,71552,137193,159744,71552,0.7875683634218934,0.7877528094031293
0.04677363236990151,0.6668510632209945,0.7434419692700303,0.6045673076923077,0.6870503597122302,209751,72384,137193,158912,72384,0.7875683634218934,0.7877528094031293
0.046603826950176064,0.6677341873498799,0.743820606472437,0.6057692307692307,0.6870503597122302,210168,72384,136776,158912,72384,0.7875683634218934,0.7877528094031293
0.04632135019364503,0.668616142229165,0.7441981277101025,0.6069711538461539,0.6870503597122302,210585,72384,136359,158912,72384,0.7875683634218934,0.7877528094031293
0.046214012333174015,0.6694969301794298,0.7445745379094239,0.6081730769230769,0.6870503597122302,211002,72384,135942,158912,72384,0.7875683634218934,0.7877528094031293
0.045819495495835305,0.6703765535151178,0.7449498419678439,0.609375,0.6870503597122302,211419,72384,135525,158912,72384,0.7875683634218934,0.7877528094031293
0.04556397362192666,0.6712550145445558,0.7453240447540638,0.6105769230769231,0.6870503597122302,211836,72384,135108,158912,72384,0.7875683634218934,0.7877528094031293
0.04554139213648545,0.6721323155699744,0.7456971511082536,0.6117788461538461,0.6870503597122302,212253,72384,134691,158912,72384,0.7875683634218934,0.7877528094031293
0.045455807156442485,0.6730084588875281,0.7460691658422615,0.6129807692307693,0.6870503597122302,212670,72384,134274,158912,72384,0.7875683634218934,0.7877528094031293
0.04528841082302837,0.6738834467873153,0.7464400937398195,0.6141826923076923,0.6870503597122302,213087,72384,133857,158912,72384,0.7875683634218934,0.7877528094031293
0.04517222131034537,0.6747572815533981,0.7468099395567495,0.6153846153846154,0.6870503597122302,213504,72384,133440,158912,72384,0.7875683634218934,0.7877528094031293
0.04495178768354291,0.6756299654638223,0.7471787080211663,0.6165865384615384,0.6870503597122302,213921,72384,133023,158912,72384,0.7875683634218934,0.7877528094031293
0.04477839235925807,0.6765015007906373,0.7475464038336787,0.6177884615384616,0.6870503597122302,214338,72384,132606,158912,72384,0.7875683634218934,0.7877528094031293
0.04475356671036895,0.6756144227404972,0.7453834757993282,0.6177884615384616,0.6834532374100719,214338,73216,132606,158080,73216,0.7875683634218934,0.7877528094031293
0.044637684330716354,0.6764842537977525,0.7457521764344326,0.6189903846153846,0.6834532374100719,214755,73216,132189,158080,73216,0.7875683634218934,0.7877528094031293
0.044570231328764476,0.677352943028212,0.746119810810436,0.6201923076923077,0.6834532374100719,215172,73216,131772,158080,73216,0.7875683634218934,0.7877528094031293
0.044460666203790966,0.676467074527952,0.7439734458197912,0.6201923076923077,0.6798561151079137,215172,74048,131772,157248,74048,0.7875683634218934,0.7877528094031293
0.04435450700144933,0.6755835201476932,0.741839394315502,0.6201923076923077,0.6762589928057554,215172,74880,131772,156416,74880,0.7875683634218934,0.7877528094031293
0.044350634610017536,0.6747022708316348,0.7397175506387426,0.6201923076923077,0.6726618705035972,215172,75712,131772,155584,75712,0.7875683634218934,0.7877528094031293
0.04434081986501015,0.6738233175711646,0.7376078103360802,0.6201923076923077,0.6690647482014388,215172,76544,131772,154752,76544,0.7875683634218934,0.7877528094031293
0.04406507509347202,0.6746886525410866,0.7379823573509326,0.6213942307692307,0.6690647482014388,215589,76544,131355,154752,76544,0.7875683634218934,0.7877528094031293
0.04397485028180326,0.6755528589791304,0.7383558366091266,0.6225961538461539,0.6690647482014388,216006,76544,130938,154752,76544,0.7875683634218934,0.7877528094031293
0.043522070749571484,0.6764159390915299,0.7387282526700959,0.6237980769230769,0.6690647482014388,216423,76544,130521,154752,76544,0.7875683634218934,0.7877528094031293
0.04324649602721903,0.6755376180465491,0.7366362717367997,0.6237980769230769,0.6654676258992805,216423,77376,130521,153920,77376,0.7875683634218934,0.7877528094031293
0.04320050767917982,0.6763990267639902,0.7370095440084835,0.625,0.6654676258992805,216840,77376,130104,153920,77376,0.7875683634218934,0.7877528094031293
0.04315085388053663,0.6755224364166532,0.7349312654212196,0.625,0.6618705035971223,216840,78208,130104,153088,78208,0.7875683634218934,0.7877528094031293
0.043120235300970255,0.6763821801998415,0.7353053661178143,0.6262019230769231,0.6618705035971223,217257,78208,129687,153088,78208,0.7875683634218934,0.7877528094031293
0.043082604267955515,0.6755073137439933,0.7332406335534953,0.6262019230769231,0.658273381294964,217257,79040,129687,152256,79040,0.7875683634218934,0.7877528094031293
0.04306063260961018,0.6763653990162477,0.7336155354988305,0.6274038461538461,0.658273381294964,217674,79040,129270,152256,79040,0.7875683634218934,0.7877528094031293
0.043027731826864146,0.6772223731708263,0.7339893851533499,0.6286057692307693,0.658273381294964,218091,79040,128853,152256,79040,0.7875683634218934,0.7877528094031293
0.04298498574401044,0.6780782383644793,0.7343621869412666,0.6298076923076923,0.658273381294964,218508,79040,128436,152256,79040,0.7875683634218934,0.7877528094031293
0.04294015627686376,0.6772040091488927,0.7323144982907701,0.6298076923076923,0.6546762589928058,218508,79872,128436,151424,79872,0.7875683634218934,0.7877528094031293
0.04260456317153122,0.6780582307767355,0.7326880791975823,0.6310096153846154,0.6546762589928058,218925,79872,128019,151424,79872,0.7875683634218934,0.7877528094031293
0.04257707076098327,0.6771857160753697,0.7306535749209856,0.6310096153846154,0.6510791366906474,218925,80704,128019,150592,80704,0.7875683634218934,0.7877528094031293
0.0423566894391213,0.6763154439647516,0.7286303380472008,0.6310096153846154,0.6474820143884892,218925,81536,128019,149760,81536,0.7875683634218934,0.7877528094031293
0.04234350086420935,0.6754474058099121,0.7266182752337426,0.6310096153846154,0.6438848920863309,218925,82368,128019,148928,82368,0.7875683634218934,0.7877528094031293
0.04216510835965892,0.6762989205339056,0.7269961221040072,0.6322115384615384,0.6438848920863309,219342,82368,127602,148928,82368,0.7875683634218934,0.7877528094031293
0.041392372563393676,0.6771493411352533,0.7273729259549792,0.6334134615384616,0.6438848920863309,219759,82368,127185,148928,82368,0.7875683634218934,0.7877528094031293
0.041339208161713215,0.6762824606133531,0.7253753808271086,0.6334134615384616,0.6402877697841727,219759,83200,127185,148096,83200,0.7875683634218934,0.7877528094031293
0.04125465890366942,0.6771312584573749,0.725752861136016,0.6346153846153846,0.6402877697841727,220176,83200,126768,148096,83200,0.7875683634218934,0.7877528094031293
0.041229369673679184,0.6762660638376293,0.723767948245937,0.6346153846153846,0.6366906474820144,220176,84032,126768,147264,84032,0.7875683634218934,0.7877528094031293
0.04112859054239315,0.6754030773761319,0.7217938630999213,0.6346153846153846,0.6330935251798561,220176,84864,126768,146432,84864,0.7875683634218934,0.7877528094031293
0.04107992924367804,0.6762497298440683,0.722173661104509,0.6358173076923077,0.6330935251798561,220593,84864,126351,146432,84864,0.7875683634218934,0.7877528094031293
0.04092977155707389,0.6753884142411666,0.7202119566814349,0.6358173076923077,0.6294964028776978,220593,85696,126351,145600,85696,0.7875683634218934,0.7877528094031293
0.04090658930180302,0.6745292899023797,0.7182608808905936,0.6358173076923077,0.6258992805755396,220593,86528,126351,144768,86528,0.7875683634218934,0.7877528094031293
0.04066576335997352,0.6753738070718522,0.7186428994140561,0.6370192307692307,0.6258992805755396,221010,86528,125934,144768,86528,0.7875683634218934,0.7877528094031293
0.040651874387754805,0.6762172487666037,0.7190238833595818,0.6382211538461539,0.6258992805755396,221427,86528,125517,144768,86528,0.7875683634218934,0.7877528094031293
0.04056839352658248,0.6770596170397183,0.7194038369242344,0.6394230769230769,0.6258992805755396,221844,86528,125100,144768,86528,0.7875683634218934,0.7877528094031293
0.04056076157404165,0.6779009139390575,0.7197827642824064,0.640625,0.6258992805755396,222261,86528,124683,144768,86528,0.7875683634218934,0.7877528094031293
0.04035485895064728,0.6787411415072773,0.7201606695859718,0.6418269230769231,0.6258992805755396,222678,86528,124266,144768,86528,0.7875683634218934,0.7877528094031293
0.040130890076188086,0.679580301781844,0.7205375569644374,0.6430288461538461,0.6258992805755396,223095,86528,123849,144768,86528,0.7875683634218934,0.7877528094031293
0.03986747712702843,0.6787202292671574,0.7186065613373919,0.6430288461538461,0.6223021582733813,223095,87360,123849,143936,87360,0.7875683634218934,0.7877528094031293
0.03972832536799742,0.6795578094786384,0.7189840191461437,0.6442307692307693,0.6223021582733813,223512,87360,123432,143936,87360,0.7875683634218934,0.7877528094031293
0.039713368752063105,0.680394328452083,0.71936046567659,0.6454326923076923,0.6223021582733813,223929,87360,123015,143936,87360,0.7875683634218934,0.7877528094031293
0.03945421001563021,0.6812297882031428,0.7197359049873919,0.6466346153846154,0.6223021582733813,224346,87360,122598,143936,87360,0.7875683634218934,0.7877528094031293
0.03928890712217459,0.6820641907423676,0.7201103411155217,0.6478365384615384,0.6223021582733813,224763,87360,122181,143936,87360,0.7875683634218934,0.7877528094031293
0.03904217379165725,0.6828975380752225,0.7204837780764062,0.6490384615384616,0.6223021582733813,225180,87360,121764,143936,87360,0.7875683634218934,0.7877528094031293
0.03858480178823587,0.683729832202103,0.7208562198640708,0.6502403846153846,0.6223021582733813,225597,87360,121347,143936,87360,0.7875683634218934,0.7877528094031293
0.038440546398190945,0.6845610751183521,0.7212276704512819,0.6514423076923077,0.6223021582733813,226014,87360,120930,143936,87360,0.7875683634218934,0.7877528094031293
0.03840808373654975,0.685391268814275,0.7215981337896881,0.6526442307692307,0.6223021582733813,226431,87360,120513,143936,87360,0.7875683634218934,0.7877528094031293
0.0383238111298021,0.6862204152751561,0.7219676138099603,0.6538461538461539,0.6223021582733813,226848,87360,120096,143936,87360,0.7875683634218934,0.7877528094031293
0.038056209370321836,0.6870485164812741,0.7223361144219309,0.6550480769230769,0.6223021582733813,227265,87360,119679,143936,87360,0.7875683634218934,0.7877528094031293
0.03801049255582034,0.687875574407918,0.7227036395147314,0.65625,0.6223021582733813,227682,87360,119262,143936,87360,0.7875683634218934,0.7877528094031293
0.03800833120940372,0.6870121209743851,0.7208000658490411,0.65625,0.6187050359712231,227682,88192,119262,143104,88192,0.7875683634218934,0.7877528094031293
0.037796846191511746,0.68615083251714,0.7189064937197275,0.65625,0.6151079136690647,227682,89024,119262,142272,89024,0.7875683634218934,0.7877528094031293
0.037624719922689176,0.6869758623753326,0.7192761168379461,0.6574519230769231,0.6151079136690647,228099,89024,118845,142272,89024,0.7875683634218934,0.7877528094031293
0.037545951781399745,0.6877998567309371,0.7196447691629401,0.6586538461538461,0.6151079136690647,228516,89024,118428,142272,89024,0.7875683634218934,0.7877528094031293
0.03680115924151417,0.6886228175322341,0.7200124545142896,0.6598557692307693,0.6151079136690647,228933,89024,118011,142272,89024,0.7875683634218934,0.7877528094031293
0.036765846385288126,0.6877622109764725,0.7181333107478615,0.6598557692307693,0.6115107913669064,228933,89856,118011,141440,89856,0.7875683634218934,0.7877528094031293
0.036712084712900106,0.6885836523305562,0.7185015319260916,0.6610576923076923,0.6115107913669064,229350,89856,117594,141440,89856,0.7875683634218934,0.7877528094031293
0.03667391993453606,0.6877247062139608,0.7166336497540917,0.6610576923076923,0.6079136690647482,229350,90688,117594,140608,90688,0.7875683634218934,0.7877528094031293
0.0366445580132993,0.6885446337198587,0.7170023872306565,0.6622596153846154,0.6079136690647482,229767,90688,117177,140608,90688,0.7875683634218934,0.7877528094031293
0.03662205689763809,0.6876873416528116,0.7151456485945588,0.6622596153846154,0.60431654676259,229767,91520,117177,139776,91520,0.7875683634218934,0.7877528094031293
0.0365326240711179,0.6885057608786685,0.7155148832467113,0.6634615384615384,0.60431654676259,230184,91520,116760,139776,91520,0.7875683634218934,0.7877528094031293
0.03637860658337544,0.6893231599321441,0.7158831619174161,0.6646634615384616,0.60431654676259,230601,91520,116343,139776,91520,0.7875683634218934,0.7877528094031293
0.036141685503595755,0.688467032991639,0.7140388849151424,0.6646634615384616,0.6007194244604317,230601,92352,116343,138944,92352,0.7875683634218934,0.7877528094031293
0.035654113910655316,0.6876130300016847,0.7122040860447519,0.6646634615384616,0.5971223021582733,230601,93184,116343,138112,93184,0.7875683634218934,0.7877528094031293
0.035607588312845384,0.6884284492494926,0.7125742592581169,0.6658653846153846,0.5971223021582733,231018,93184,115926,138112,93184,0.7875683634218934,0.7877528094031293
0.03545758496316964,0.6892428558452446,0.7129434814351594,0.6670673076923077,0.5971223021582733,231435,93184,115509,138112,93184,0.7875683634218934,0.7877528094031293
0.035455802599810016,0.6883900088489653,0.7111208753391448,0.6670673076923077,0.5935251798561151,231435,94016,115509,137280,94016,0.7875683634218934,0.7877528094031293
0.03530733977567596,0.6892029274150877,0.7114905421827243,0.6682692307692307,0.5935251798561151,231852,94016,115092,137280,94016,0.7875683634218934,0.7877528094031293
0.035213007443930966,0.6900148389329633,0.7118592641402455,0.6694711538461539,0.5935251798561151,232269,94016,114675,137280,94016,0.7875683634218934,0.7877528094031293
0.03516623119360818,0.6891631469555426,0.7100486981722136,0.6694711538461539,0.5899280575539568,232269,94848,114675,136448,94848,0.7875683634218934,0.7877528094031293
0.03511712621218743,0.6883135548894417,0.7082473189428844,0.6694711538461539,0.5863309352517986,232269,95680,114675,135616,95680,0.7875683634218934,0.7877528094031293
0.03511238473208883,0.689123513645585,0.7086178227952955,0.6706730769230769,0.5863309352517986,232686,95680,114258,135616,95680,0.7875683634218934,0.7877528094031293
0.03495428624382141,0.6899324727293715,0.7089873868174449,0.671875,0.5863309352517986,233103,95680,113841,135616,95680,0.7875683634218934,0.7877528094031293
0.03483387578220121,0.6907404339903925,0.709356014580802,0.6730769230769231,0.5863309352517986,233520,95680,113424,135616,95680,0.7875683634218934,0.7877528094031293
0.034699450535276566,0.6898915175722625,0.707567751005963,0.6730769230769231,0.5827338129496403,233520,96512,113424,134784,96512,0.7875683634218934,0.7877528094031293
0.034467987109525144,0.6906980142989373,0.707936776930782,0.6742788461538461,0.5827338129496403,233937,96512,113007,134784,96512,0.7875683634218934,0.7877528094031293
0.034447572098856516,0.6915035186851772,0.7083048726674848,0.6754807692307693,0.5827338129496403,234354,96512,112590,134784,96512,0.7875683634218934,0.7877528094031293
0.03412869717554934,0.6923080325613695,0.708672041728673,0.6766826923076923,0.5827338129496403,234771,96512,112173,134784,96512,0.7875683634218934,0.7877528094031293
0.03404982339889029,0.6931115577534024,0.7090382876092854,0.6778846153846154,0.5827338129496403,235188,96512,111756,134784,96512,0.7875683634218934,0.7877528094031293
0.0339690253188879,0.6939140960826788,0.7094036137867077,0.6790865384615384,0.5827338129496403,235605,96512,111339,134784,96512,0.7875683634218934,0.7877528094031293
0.03352325280964219,0.6930649381593869,0.707630898425885,0.6790865384615384,0.579136690647482,235605,97344,111339,133952,97344,0.7875683634218934,0.7877528094031293
0.033387338244410425,0.6938660316620364,0.7079966163315995,0.6802884615384616,0.579136690647482,236022,97344,110922,133952,97344,0.7875683634218934,0.7877528094031293
0.03338406538055827,0.6946661436963717,0.7083614204438213,0.6814903846153846,0.579136690647482,236439,97344,110505,133952,97344,0.7875683634218934,0.7877528094031293
0.03328087848321909,0.6938181434035792,0.7066001225288765,0.6814903846153846,0.5755395683453237,236439,98176,110505,133120,98176,0.7875683634218934,0.7877528094031293
0.03321534019781763,0.6946168193602121,0.706965304806705,0.6826923076923077,0.5755395683453237,236856,98176,110088,133120,98176,0.7875683634218934,0.7877528094031293
0.03318858906880995,0.6937704303405936,0.7052140151966272,0.6826923076923077,0.5719424460431655,236856,99008,110088,132288,99008,0.7875683634218934,0.7877528094031293
0.0331748721148476,0.6945676753631673,0.7055795599513502,0.6838942307692307,0.5719424460431655,237273,99008,109671,132288,99008,0.7875683634218934,0.7877528094031293
0.033096599119490866,0.6953639477972389,0.7059441992527428,0.6850961538461539,0.5719424460431655,237690,99008,109254,132288,99008,0.7875683634218934,0.7877528094031293
0.03279742799641627,0.6945187107180112,0.7042040707492667,0.6850961538461539,0.5683453237410072,237690,99840,109254,131456,99840,0.7875683634218934,0.7877528094031293
0.032765245498101,0.6953135608439883,0.7045690596454474,0.6862980769230769,0.5683453237410072,238107,99840,108837,131456,99840,0.7875683634218934,0.7877528094031293
0.032676851064467605,0.6961074436603688,0.7049331489165515,0.6875,0.5683453237410072,238524,99840,108420,131456,99840,0.7875683634218934,0.7877528094031293
0.03265944312617486,0.6969003609318605,0.7052963418845803,0.6887019230769231,0.5683453237410072,238941,99840,108003,131456,99840,0.7875683634218934,0.7877528094031293
0.032441704825759476,0.6976923144188812,0.7056586418551997,0.6899038461538461,0.5683453237410072,239358,99840,107586,131456,99840,0.7875683634218934,0.7877528094031293
0.03227979088432742,0.6968473333779736,0.7039320059994706,0.6899038461538461,0.564748201438849,239358,100672,107586,130624,100672,0.7875683634218934,0.7877528094031293
0.03213285946785216,0.6976378800420722,0.7042946479187656,0.6911057692307693,0.564748201438849,239775,100672,107169,130624,100672,0.7875683634218934,0.7877528094031293
0.03202459837940452,0.696794498294884,0.7025776564042909,0.6911057692307693,0.5611510791366906,239775,101504,107169,129792,101504,0.7875683634218934,0.7877528094031293
0.031973661055899716,0.6975836431226766,0.7029406255853156,0.6923076923076923,0.5611510791366906,240192,101504,106752,129792,101504,0.7875683634218934,0.7877528094031293
0.03183225424516839,0.6967418546365914,0.7012331838565022,0.6923076923076923,0.5575539568345323,240192,102336,106752,128960,102336,0.7875683634218934,0.7877528094031293
0.031524792613783215,0.6959020953087336,0.6995340167753961,0.6923076923076923,0.5539568345323741,240192,103168,106752,128128,103168,0.7875683634218934,0.7877528094031293
0.030861884265042105,0.696689401364661,0.6998984807011522,0.6935096153846154,0.5539568345323741,240609,103168,106335,128128,103168,0.7875683634218934,0.7877528094031293
0.030848230401737398,0.6958512218152477,0.6982086944914381,0.6935096153846154,0.5503597122302158,240609,104000,106335,127296,104000,0.7875683634218934,0.7877528094031293
0.030781039408642075,0.6950150566520072,0.6965270480342519,0.6935096153846154,0.5467625899280576,240609,104832,106335,126464,104832,0.7875683634218934,0.7877528094031293
0.030731297059761742,0.6958005317536612,0.6968929445032355,0.6947115384615384,0.5467625899280576,241026,104832,105918,126464,104832,0.7875683634218934,0.7877528094031293
0.030712396181677926,0.6949659330424979,0.6952205140038651,0.6947115384615384,0.5431654676258992,241026,105664,105918,125632,105664,0.7875683634218934,0.7877528094031293
0.030653302213250355,0.6957500241336732,0.6955866634784087,0.6959134615384616,0.5431654676258992,241443,105664,105501,125632,105664,0.7875683634218934,0.7877528094031293
0.030629876118492827,0.6949169860249855,0.6939233601292181,0.6959134615384616,0.539568345323741,241443,106496,105501,124800,106496,0.7875683634218934,0.7877528094031293
0.03038189655192014,0.6940859403635109,0.6922679924649698,0.6959134615384616,0.5359712230215827,241443,107328,105501,123968,107328,0.7875683634218934,0.7877528094031293
0.03028830631864754,0.6932568800095328,0.6906205038286285,0.6959134615384616,0.5323741007194245,241443,108160,105501,123136,108160,0.7875683634218934,0.7877528094031293
0.030286374217236234,0.6924297978574061,0.688980838101217,0.6959134615384616,0.5287769784172662,241443,108992,105501,122304,108992,0.7875683634218934,0.7877528094031293
0.030279992066919337,0.6932111963955081,0.6893504953655673,0.6971153846153846,0.5287769784172662,241860,108992,105084,122304,108992,0.7875683634218934,0.7877528094031293
0.030078727888429357,0.6939916615703231,0.689719274971603,0.6983173076923077,0.5287769784172662,242277,108992,104667,122304,108992,0.7875683634218934,0.7877528094031293
0.029894174452731626,0.6931656760294401,0.6880894970477222,0.6983173076923077,0.5251798561151079,242277,109824,104667,121472,109824,0.7875683634218934,0.7877528094031293
0.029627125529410048,0.6939447746982681,0.688458461695573,0.6995192307692307,0.5251798561151079,242694,109824,104250,121472,109824,0.7875683634218934,0.7877528094031293
0.02958591152061174,0.6931203180378527,0.6868374133295599,0.6995192307692307,0.5215827338129496,242694,110656,104250,120640,110656,0.7875683634218934,0.7877528094031293
0.029417216226223064,0.6922978180812008,0.6852239808911802,0.6995192307692307,0.5179856115107914,242694,111488,104250,119808,111488,0.7875683634218934,0.7877528094031293
0.029232360954147163,0.6930751215534899,0.6855941500117033,0.7007211538461539,0.5179856115107914,243111,111488,103833,119808,111488,0.7875683634218934,0.7877528094031293
0.029127625369061105,0.6938515015100576,0.6859634495346688,0.7019230769230769,0.5179856115107914,243528,111488,103416,119808,111488,0.7875683634218934,0.7877528094031293
0.029074690869284936,0.6946269595957726,0.6863318825207564,0.703125,0.5179856115107914,243945,111488,102999,119808,111488,0.7875683634218934,0.7877528094031293
0.029069580501903447,0.6954014974516003,0.686699452016299,0.7043269230769231,0.5179856115107914,244362,111488,102582,119808,111488,0.7875683634218934,0.7877528094031293
0.028943173011295564,0.6961751167146134,0.6870661610533673,0.7055288461538461,0.5179856115107914,244779,111488,102165,119808,111488,0.7875683634218934,0.7877528094031293
0.028826694872602365,0.6969478190180038,0.6874320126498525,0.7067307692307693,0.5179856115107914,245196,111488,101748,119808,111488,0.7875683634218934,0.7877528094031293
0.028461585581960103,0.6977196059910943,0.6877970098095497,0.7079326923076923,0.5179856115107914,245613,111488,101331,119808,111488,0.7875683634218934,0.7877528094031293
0.02838334542525811,0.6968960542052017,0.6861982549806808,0.7079326923076923,0.5143884892086331,245613,112320,101331,118976,112320,0.7875683634218934,0.7877528094031293
0.02827059849369218,0.6976665050319442,0.6865634156550858,0.7091346153846154,0.5143884892086331,246030,112320,100914,118976,112320,0.7875683634218934,0.7877528094031293
0.02818841814678913,0.6984360453500087,0.686927727466573,0.7103365384615384,0.5143884892086331,246447,112320,100497,118976,112320,0.7875683634218934,0.7877528094031293
0.027986621158239577,0.6992046767724832,0.6872911933716424,0.7115384615384616,0.5143884892086331,246864,112320,100080,118976,112320,0.7875683634218934,0.7877528094031293
0.027866127980534117,0.6983818037795632,0.6857028576507711,0.7115384615384616,0.5107913669064749,246864,113152,100080,118144,113152,0.7875683634218934,0.7877528094031293
0.02774779170353814,0.6991491100219543,0.6860664811490623,0.7127403846153846,0.5107913669064749,247281,113152,99663,118144,113152,0.7875683634218934,0.7877528094031293
0.02756530030364779,0.699915512140538,0.6864292642372177,0.7139423076923077,0.5107913669064749,247698,113152,99246,118144,113152,0.7875683634218934,0.7877528094031293
0.027535914050632937,0.7006810117323792,0.68679120982542,0.7151442307692307,0.5107913669064749,248115,113152,98829,118144,113152,0.7875683634218934,0.7877528094031293
0.027518697050422203,0.7014456103907833,0.6871523208104312,0.7163461538461539,0.5107913669064749,248532,113152,98412,118144,113152,0.7875683634218934,0.7877528094031293
0.02745859102960646,0.700623009049136,0.6855752573679507,0.7163461538461539,0.5071942446043165,248532,113984,98412,117312,113984,0.7875683634218934,0.7877528094031293
0.027454718035550885,0.7013862964992527,0.6859365227190694,0.7175480769230769,0.5071942446043165,248949,113984,97995,117312,113984,0.7875683634218934,0.7877528094031293
0.027431955280181664,0.7005652102337243,0.6843676549420642,0.7175480769230769,0.5035971223021583,248949,114816,97995,116480,114816,0.7875683634218934,0.7877528094031293
0.02735557210337003,0.7013271909619392,0.6847290640394089,0.71875,0.5035971223021583,249366,114816,97578,116480,114816,0.7875683634218934,0.7877528094031293
0.027081798266433144,0.700507614213198,0.6831683168316832,0.71875,0.5,249366,115648,97578,115648,115648,0.7875683634218934,0.7877528094031293
0.027047692739719742,0.7012682926829268,0.6835298592620769,0.7199519230769231,0.5,249783,115648,97161,115648,115648,0.7875683634218934,0.7877528094031293
0.02687701485401761,0.7020280811232449,0.6838905775075987,0.7211538461538461,0.5,250200,115648,96744,115648,115648,0.7875683634218934,0.7877528094031293
0.02679660027967712,0.702786981095303,0.6842504743833017,0.7223557692307693,0.5,250617,115648,96327,115648,115648,0.7875683634218934,0.7877528094031293
0.026763213014060594,0.703544994156603,0.6846095526914329,0.7235576923076923,0.5,251034,115648,95910,115648,115648,0.7875683634218934,0.7877528094031293
0.02666893398452591,0.7027257025605423,0.6830596929640775,0.7235576923076923,0.49640287769784175,251034,116480,95910,114816,116480,0.7875683634218934,0.7877528094031293
0.026645159493874804,0.7034824269977269,0.683418901913674,0.7247596153846154,0.49640287769784175,251451,116480,95493,114816,116480,0.7875683634218934,0.7877528094031293
0.02657699215838194,0.7042382691264546,0.6837772975555725,0.7259615384615384,0.49640287769784175,251868,116480,95076,114816,116480,0.7875683634218934,0.7877528094031293
0.02655347812559916,0.7034200780870352,0.6822363074922801,0.7259615384615384,0.49280575539568344,251868,117312,95076,113984,117312,0.7875683634218934,0.7877528094031293
0.026162885232769995,0.7041746389948377,0.6825948262567066,0.7271634615384616,0.49280575539568344,252285,117312,94659,113984,117312,0.7875683634218934,0.7877528094031293
0.02610756215875587,0.7049283221611308,0.6829525369310351,0.7283653846153846,0.49280575539568344,252702,117312,94242,113984,117312,0.7875683634218934,0.7877528094031293
0.02594550747206481,0.7041112303041279,0.6814203200250238,0.7283653846153846,0.4892086330935252,252702,118144,94242,113152,118144,0.7875683634218934,0.7877528094031293
0.025863702461087934,0.7048636395913713,0.6817781464891465,0.7295673076923077,0.4892086330935252,253119,118144,93825,113152,118144,0.7875683634218934,0.7877528094031293
0.025772803251469023,0.7056151756690564,0.682135170038743,0.7307692307692307,0.4892086330935252,253536,118144,93408,113152,118144,0.7875683634218934,0.7877528094031293
0.025547801733996678,0.7047991816038784,0.6806116313031526,0.7307692307692307,0.4856115107913669,253536,118976,93408,112320,118976,0.7875683634218934,0.7877528094031293
0.025531617494420344,0.7055494510837328,0.680968763491174,0.7319711538461539,0.4856115107913669,253953,118976,92991,112320,118976,0.7875683634218934,0.7877528094031293
0.025528970978352883,0.7047349470310321,0.6794529124226444,0.7319711538461539,0.48201438848920863,253953,119808,92991,111488,119808,0.7875683634218934,0.7877528094031293
0.025504288243037687,0.7054839541714162,0.6798101438352869,0.7331730769230769,0.48201438848920863,254370,119808,92574,111488,119808,0.7875683634218934,0.7877528094031293
0.02543364629566436,0.7062320955624021,0.6801665799062988,0.734375,0.48201438848920863,254787,119808,92157,111488,119808,0.7875683634218934,0.7877528094031293
0.025293654230721607,0.7069793727041537,0.6805222232888548,0.7355769230769231,0.48201438848920863,255204,119808,91740,111488,119808,0.7875683634218934,0.7877528094031293
0.025269107622274134,0.7061655699873268,0.6790157618586434,0.7355769230769231,0.4784172661870504,255204,120640,91740,110656,120640,0.7875683634218934,0.7877528094031293
0.02511276027337117,0.7069115949143051,0.6793715001023226,0.7367788461538461,0.4784172661870504,255621,120640,91323,110656,120640,0.7875683634218934,0.7877528094031293
0.025099013060898345,0.7060992739321333,0.677872567244685,0.7367788461538461,0.4748201438848921,255621,121472,91323,109824,121472,0.7875683634218934,0.7877528094031293
0.024938020200635624,0.7068440508300043,0.6782283913008927,0.7379807692307693,0.4748201438848921,256038,121472,90906,109824,121472,0.7875683634218934,0.7877528094031293
0.024873714121160462,0.7075879708251537,0.6785834301333327,0.7391826923076923,0.4748201438848921,256455,121472,90489,109824,121472,0.7875683634218934,0.7877528094031293
0.0247594347092156,0.706776739244567,0.6770928215567155,0.7391826923076923,0.4712230215827338,256455,122304,90489,108992,122304,0.7875683634218934,0.7877528094031293
0.024708006285750428,0.7075194182779706,0.6774479397430218,0.7403846153846154,0.4712230215827338,256872,122304,90072,108992,122304,0.7875683634218934,0.7877528094031293
0.024692043935748365,0.7067096589596011,0.6759647165322835,0.7403846153846154,0.4676258992805755,256872,123136,90072,108160,123136,0.7875683634218934,0.7877528094031293
0.02459946009173075,0.7074511011604839,0.6763199053689952,0.7415865384615384,0.4676258992805755,257289,123136,89655,108160,123136,0.7875683634218934,0.7877528094031293
0.02456460342208666,0.7066428087849371,0.6748440028642098,0.7415865384615384,0.46402877697841727,257289,123968,89655,107328,123968,0.7875683634218934,0.7877528094031293
0.02448475371925074,0.7073830182619699,0.6751992538134638,0.7427884615384616,0.46402877697841727,257706,123968,89238,107328,123968,0.7875683634218934,0.7877528094031293
0.024267091656728135,0.7081223809556468,0.6755537293471974,0.7439903846153846,0.46402877697841727,258123,123968,88821,107328,123968,0.7875683634218934,0.7877528094031293
0.0242506132051743,0.7088608983181895,0.6759074320014222,0.7451923076923077,0.46402877697841727,258540,123968,88404,107328,123968,0.7875683634218934,0.7877528094031293
0.024230468556705187,0.7095985717985008,0.6762603643011034,0.7463942307692307,0.46402877697841727,258957,123968,87987,107328,123968,0.7875683634218934,0.7877528094031293
0.024141509634624525,0.7103354028421741,0.6766125287602194,0.7475961538461539,0.46402877697841727,259374,123968,87570,107328,123968,0.7875683634218934,0.7877528094031293
0.02408677073662502,0.7110713928915031,0.6769639278818217,0.7487980769230769,0.46402877697841727,259791,123968,87153,107328,123968,0.7875683634218934,0.7877528094031293
0.023982783381420347,0.7118065433854908,0.6773145641580942,0.75,0.46402877697841727,260208,123968,86736,107328,123968,0.7875683634218934,0.7877528094031293
0.023717813295139112,0.710997442455243,0.6758508914100486,0.75,0.460431654676259,260208,124800,86736,106496,124800,0.7875683634218934,0.7877528094031293
0.023463455403750944,0.7117313813118796,0.6762015956411753,0.7512019230769231,0.460431654676259,260625,124800,86319,106496,124800,0.7875683634218934,0.7877528094031293
0.02329975292005798,0.7124644848564247,0.6765515418228186,0.7524038461538461,0.460431654676259,261042,124800,85902,106496,124800,0.7875683634218934,0.7877528094031293
0.023299152914773025,0.7131967545140977,0.6769007324101186,0.7536057692307693,0.460431654676259,261459,124800,85485,106496,124800,0.7875683634218934,0.7877528094031293
0.02320622789622956,0.7139281917068783,0.6772491698476244,0.7548076923076923,0.460431654676259,261876,124800,85068,106496,124800,0.7875683634218934,0.7877528094031293
0.023174586085443316,0.7131194414338854,0.6757950803596313,0.7548076923076923,0.4568345323741007,261876,125632,85068,105664,125632,0.7875683634218934,0.7877528094031293
0.023171088090612246,0.7138496793306017,0.6761435844557582,0.7560096153846154,0.4568345323741007,262293,125632,84651,105664,125632,0.7875683634218934,0.7877528094031293
0.02311103448640489,0.714579088953142,0.6764913401074311,0.7572115384615384,0.4568345323741007,262710,125632,84234,105664,125632,0.7875683634218934,0.7877528094031293
0.02309919043715314,0.7153076717099156,0.6768383497230932,0.7584134615384616,0.4568345323741007,263127,125632,83817,105664,125632,0.7875683634218934,0.7877528094031293
0.02287508042940012,0.7144996503900019,0.6753929120539233,0.7584134615384616,0.45323741007194246,263127,126464,83817,104832,126464,0.7875683634218934,0.7877528094031293
0.022706867943564468,0.7136934525141483,0.6739536349036814,0.7584134615384616,0.44964028776978415,263127,127296,83817,104000,127296,0.7875683634218934,0.7877528094031293
0.022641770865044153,0.7128890719169221,0.6725204789715148,0.7584134615384616,0.4460431654676259,263127,128128,83817,103168,128128,0.7875683634218934,0.7877528094031293
0.02259441265792128,0.7136157353753506,0.6728691353990073,0.7596153846153846,0.4460431654676259,263544,128128,83400,103168,128128,0.7875683634218934,0.7877528094031293
0.02258142515178546,0.7143415787928279,0.6732170502105389,0.7608173076923077,0.4460431654676259,263961,128128,82983,103168,128128,0.7875683634218934,0.7877528094031293
0.02241992226057743,0.7150666035566976,0.6735642257697971,0.7620192307692307,0.4460431654676259,264378,128128,82566,103168,128128,0.7875683634218934,0.7877528094031293
0.022370495388841283,0.7142629430406251,0.6721394830908786,0.7620192307692307,0.44244604316546765,264378,128960,82566,102336,128960,0.7875683634218934,0.7877528094031293
0.022321649423851064,0.7134610869582817,0.670720755004186,0.7620192307692307,0.43884892086330934,264378,129792,82566,101504,129792,0.7875683634218934,0.7877528094031293
0.022312442879137806,0.71418457218916,0.6710687376928282,0.7632211538461539,0.43884892086330934,264795,129792,82149,101504,129792,0.7875683634218934,0.7877528094031293
0.022219525855491584,0.7133841530356443,0.6696567438590457,0.7632211538461539,0.4352517985611511,264795,130624,82149,100672,130624,0.7875683634218934,0.7877528094031293
0.02211438003444055,0.7141064649021245,0.670004749441688,0.7644230769230769,0.4352517985611511,265212,130624,81732,100672,130624,0.7875683634218934,0.7877528094031293
0.02181216915291523,0.7133074775554994,0.6685994332792159,0.7644230769230769,0.4316546762589928,265212,131456,81732,99840,131456,0.7875683634218934,0.7877528094031293
0.02180994929204627,0.7140286198521831,0.6689474545752169,0.765625,0.4316546762589928,265629,131456,81315,99840,131456,0.7875683634218934,0.7877528094031293
0.02173667371591881,0.7147489542559164,0.6692947456868141,0.7668269230769231,0.4316546762589928,266046,131456,80898,99840,131456,0.7875683634218934,0.7877528094031293
0.02173167164565143,0.7139510357208988,0.6678967901308952,0.7668269230769231,0.42805755395683454,266046,132288,80898,99008,132288,0.7875683634218934,0.7877528094031293
0.02161167669158187,0.7146702069881118,0.6682440921778252,0.7680288461538461,0.42805755395683454,266463,132288,80481,99008,132288,0.7875683634218934,0.7877528094031293
0.021492786604265013,0.7138737111986573,0.6668526939334256,0.7680288461538461,0.4244604316546763,266463,133120,80481,98176,133120,0.7875683634218934,0.7877528094031293
0.0214810395261813,0.7130789888126055,0.6654670779066718,0.7680288461538461,0.420863309352518,266463,133952,80481,97344,133952,0.7875683634218934,0.7877528094031293
0.02144969936330482,0.7137966449845943,0.6658151045824685,0.7692307692307693,0.420863309352518,266880,133952,80064,97344,133952,0.7875683634218934,0.7877528094031293
0.021445885282858623,0.7145135011955471,0.6661624078813904,0.7704326923076923,0.420863309352518,267297,133952,79647,97344,133952,0.7875683634218934,0.7877528094031293
0.021397282401370177,0.7137198357865224,0.6647839614406053,0.7704326923076923,0.4172661870503597,267297,134784,79647,96512,134784,0.7875683634218934,0.7877528094031293
0.0213304038795733,0.7144355400417911,0.6651312553105854,0.7716346153846154,0.4172661870503597,267714,134784,79230,96512,134784,0.7875683634218934,0.7877528094031293
0.02132203401063526,0.7136432823208588,0.6637592046215258,0.7716346153846154,0.4136690647482014,267714,135616,79230,95680,135616,0.7875683634218934,0.7877528094031293
0.021258560002191507,0.7143578383116356,0.6641064825249475,0.7728365384615384,0.4136690647482014,268131,135616,78813,95680,135616,0.7875683634218934,0.7877528094031293
0.021245924089862034,0.7150716008882877,0.6644530438138974,0.7740384615384616,0.4136690647482014,268548,135616,78396,95680,135616,0.7875683634218934,0.7877528094031293
0.020966308237018172,0.7142803947123441,0.6630880304990666,0.7740384615384616,0.41007194244604317,268548,136448,78396,94848,136448,0.7875683634218934,0.7877528094031293
0.020940260467366356,0.7134909374950185,0.6617286140926698,0.7740384615384616,0.4064748201438849,268548,137280,78396,94016,137280,0.7875683634218934,0.7877528094031293
0.02090045708546695,0.7142032079597551,0.6620758409334269,0.7752403846153846,0.4064748201438849,268965,137280,77979,94016,137280,0.7875683634218934,0.7877528094031293
0.02063405462894602,0.7134151436100586,0.6607226642625351,0.7752403846153846,0.4028776978417266,268965,138112,77979,93184,138112,0.7875683634218934,0.7877528094031293
0.020633460465515285,0.714126276778211,0.6610698562432821,0.7764423076923077,0.4028776978417266,269382,138112,77562,93184,138112,0.7875683634218934,0.7877528094031293
0.02058162253268131,0.7133396004078012,0.6597228684923321,0.7764423076923077,0.39928057553956836,269382,138944,77562,92352,138944,0.7875683634218934,0.7877528094031293
0.020575317018824535,0.7125546553242816,0.6583813587904916,0.7764423076923077,0.39568345323741005,269382,139776,77562,91520,139776,0.7875683634218934,0.7877528094031293
0.02053344530344603,0.7132643066466275,0.6587291704815967,0.7776442307692307,0.39568345323741005,269799,139776,77145,91520,139776,0.7875683634218934,0.7877528094031293
0.020255030956967457,0.7139731760677257,0.6590762746590177,0.7788461538461539,0.39568345323741005,270216,139776,76728,91520,139776,0.7875683634218934,0.7877528094031293
0.02009177054586031,0.7146812648791251,0.6594226734793828,0.7800480769230769,0.39568345323741005,270633,139776,76311,91520,139776,0.7875683634218934,0.7877528094031293
0.020018549128762386,0.7138970040293596,0.6580885660719626,0.7800480769230769,0.3920863309352518,270633,140608,76311,90688,140608,0.7875683634218934,0.7877528094031293
0.0199923170411338,0.7131144625219198,0.6567598459496254,0.7800480769230769,0.38848920863309355,270633,141440,76311,89856,141440,0.7875683634218934,0.7877528094031293
0.019902374649885868,0.7123336347090014,0.6554364805463726,0.7800480769230769,0.38489208633093525,270633,142272,76311,89024,142272,0.7875683634218934,0.7877528094031293
0.019701081700422063,0.71303990971581,0.6557841102094735,0.78125,0.38489208633093525,271050,142272,75894,89024,142272,0.7875683634218934,0.7877528094031293
0.019408578407632104,0.7122604447784648,0.6544666959633373,0.78125,0.381294964028777,271050,143104,75894,88192,143104,0.7875683634218934,0.7877528094031293
0.019174983593876926,0.7129656014654997,0.6548142537707654,0.7824519230769231,0.381294964028777,271467,143104,75477,88192,143104,0.7875683634218934,0.7877528094031293
0.01900398677280868,0.7136699862979898,0.6551611130924268,0.7836538461538461,0.381294964028777,271884,143104,75060,88192,143104,0.7875683634218934,0.7877528094031293
0.018993987473096552,0.7128915365696336,0.6538502236544659,0.7836538461538461,0.3776978417266187,271884,143936,75060,87360,143936,0.7875683634218934,0.7877528094031293
0.01898359487110779,0.7135948090950902,0.6541970079546028,0.7848557692307693,0.3776978417266187,272301,143936,74643,87360,143936,0.7875683634218934,0.7877528094031293
0.01896715109135616,0.7142973135078929,0.6545430981101825,0.7860576923076923,0.3776978417266187,272718,143936,74226,87360,143936,0.7875683634218934,0.7877528094031293
0.018901410826220655,0.7149990510657513,0.6548884962032844,0.7872596153846154,0.3776978417266187,273135,143936,73809,87360,143936,0.7875683634218934,0.7877528094031293
0.01888253115608235,0.7142212756276746,0.6535846835270386,0.7872596153846154,0.37410071942446044,273135,144768,73809,86528,144768,0.7875683634218934,0.7877528094031293
0.018838394018661053,0.713445190477994,0.652286052037685,0.7872596153846154,0.37050359712230213,273135,145600,73809,85696,145600,0.7875683634218934,0.7877528094031293
0.018715517643145163,0.7141454856832564,0.6526319807611558,0.7884615384615384,0.37050359712230213,273552,145600,73392,85696,145600,0.7875683634218934,0.7877528094031293
0.018587265998388114,0.7148450189364042,0.6529772218633884,0.7896634615384616,0.37050359712230213,273969,145600,72975,85696,145600,0.7875683634218934,0.7877528094031293
0.0185761829874857,0.7140699424639504,0.6516849389035706,0.7896634615384616,0.3669064748201439,273969,146432,72975,84864,146432,0.7875683634218934,0.7877528094031293
0.018556592593147514,0.7147683787423706,0.6520300937697532,0.7908653846153846,0.3669064748201439,274386,146432,72558,84864,146432,0.7875683634218934,0.7877528094031293
0.018543055611652592,0.7154660567393798,0.652374565266419,0.7920673076923077,0.3669064748201439,274803,146432,72141,84864,146432,0.7875683634218934,0.7877528094031293
0.018525243472303443,0.7161629776891891,0.6527183554210582,0.7932692307692307,0.3669064748201439,275220,146432,71724,84864,146432,0.7875683634218934,0.7877528094031293
0.01847024219514859,0.7153885743695316,0.6514329536739852,0.7932692307692307,0.36330935251798563,275220,147264,71724,84032,147264,0.7875683634218934,0.7877528094031293
0.018445373945497945,0.7160844066013289,0.6517766569480801,0.7944711538461539,0.36330935251798563,275637,147264,71307,84032,147264,0.7875683634218934,0.7877528094031293
0.01841220665113208,0.7153113431437554,0.6504968930906962,0.7944711538461539,0.3597122302158273,275637,148096,71307,83200,148096,0.7875683634218934,0.7877528094031293
0.01838838170903323,0.7160060900486841,0.6508405045384887,0.7956730769230769,0.3597122302158273,276054,148096,70890,83200,148096,0.7875683634218934,0.7877528094031293
0.018284738797652744,0.7167000859352621,0.651183441011666,0.796875,0.3597122302158273,276471,148096,70473,83200,148096,0.7875683634218934,0.7877528094031293
0.018264947688808375,0.7159280267963845,0.6499098493414418,0.796875,0.35611510791366907,276471,148928,70473,82368,148928,0.7875683634218934,0.7877528094031293
0.01818197100784391,0.7166209431129976,0.6502526913032859,0.7980769230769231,0.35611510791366907,276888,148928,70056,82368,148928,0.7875683634218934,0.7877528094031293
0.018142983797679313,0.7173131120041077,0.6505948624343962,0.7992788461538461,0.35611510791366907,277305,148928,69639,82368,148928,0.7875683634218934,0.7877528094031293
0.018128812602043243,0.7180045346783972,0.6509363647017462,0.8004807692307693,0.35611510791366907,277722,148928,69222,82368,148928,0.7875683634218934,0.7877528094031293
0.018102596530951642,0.7186952123419434,0.6512772000646269,0.8016826923076923,0.35611510791366907,278139,148928,68805,82368,148928,0.7875683634218934,0.7877528094031293
0.01809864216832735,0.7193851461982264,0.6516173704746845,0.8028846153846154,0.35611510791366907,278556,148928,68388,82368,148928,0.7875683634218934,0.7877528094031293
0.017873711828744865,0.7186131104403684,0.6503516095592974,0.8028846153846154,0.35251798561151076,278556,149760,68388,81536,149760,0.7875683634218934,0.7877528094031293
0.017629889326869097,0.7178427299856203,0.6490907565688294,0.8028846153846154,0.3489208633093525,278556,150592,68388,80704,150592,0.7875683634218934,0.7877528094031293
0.017603953985871723,0.7170739995160402,0.6478347830131634,0.8028846153846154,0.34532374100719426,278556,151424,68388,79872,151424,0.7875683634218934,0.7877528094031293
0.017531601371267636,0.7177622176110613,0.6481759863567822,0.8040865384615384,0.34532374100719426,278973,151424,67971,79872,151424,0.7875683634218934,0.7877528094031293
0.017467899927391173,0.7184496977208849,0.6485165291750036,0.8052884615384616,0.34532374100719426,279390,151424,67554,79872,151424,0.7875683634218934,0.7877528094031293
0.017342583636995812,0.7176819635494933,0.6472665100568521,0.8052884615384616,0.34172661870503596,279390,152256,67554,79040,152256,0.7875683634218934,0.7877528094031293
0.01730801999007414,0.7183683843662508,0.6476069462092334,0.8064903846153846,0.34172661870503596,279807,152256,67137,79040,152256,0.7875683634218934,0.7877528094031293
0.017306472315767207,0.7190540706983619,0.6479467258601553,0.8076923076923077,0.34172661870503596,280224,152256,66720,79040,152256,0.7875683634218934,0.7877528094031293
0.017302994500270508,0.7197390237240668,0.6482858509067977,0.8088942307692307,0.34172661870503596,280641,152256,66303,79040,152256,0.7875683634218934,0.7877528094031293
0.01728072501586464,0.7204232446190876,0.6486243232390368,0.8100961538461539,0.34172661870503596,281058,152256,65886,79040,152256,0.7875683634218934,0.7877528094031293
0.017140164011619663,0.7211067345566337,0.6489621447394814,0.8112980769230769,0.34172661870503596,281475,152256,65469,79040,152256,0.7875683634218934,0.7877528094031293
0.017082072228083334,0.7217894947074096,0.649299317283507,0.8125,0.34172661870503596,281892,152256,65052,79040,152256,0.7875683634218934,0.7877528094031293
0.01681831154311375,0.7210214803484738,0.6480573819485953,0.8125,0.3381294964028777,281892,153088,65052,78208,153088,0.7875683634218934,0.7877528094031293
0.01671555446310613,0.7217031959209603,0.648394453797339,0.8137019230769231,0.3381294964028777,282309,153088,64635,78208,153088,0.7875683634218934,0.7877528094031293
0.016662479778228823,0.7223841851504552,0.6487308806050287,0.8149038461538461,0.3381294964028777,282726,153088,64218,78208,153088,0.7875683634218934,0.7877528094031293
0.016635029811621405,0.7230644491971782,0.649066664221479,0.8161057692307693,0.3381294964028777,283143,153088,63801,78208,153088,0.7875683634218934,0.7877528094031293
0.016621033229180515,0.7237439892188792,0.6494018064894377,0.8173076923076923,0.3381294964028777,283560,153088,63384,78208,153088,0.7875683634218934,0.7877528094031293
0.016232259252292103,0.7229763495252568,0.6481667733382097,0.8173076923076923,0.3345323741007194,283560,153920,63384,77376,153920,0.7875683634218934,0.7877528094031293
0.016139112127542043,0.7236548549324003,0.6485018166372457,0.8185096153846154,0.3345323741007194,283977,153920,62967,77376,153920,0.7875683634218934,0.7877528094031293
0.016060951317609318,0.724332639718411,0.6488362224341454,0.8197115384615384,0.3345323741007194,284394,153920,62550,77376,153920,0.7875683634218934,0.7877528094031293
0.015992686280534296,0.725009705030706,0.6491699925466858,0.8209134615384616,0.3345323741007194,284811,153920,62133,77376,153920,0.7875683634218934,0.7877528094031293
0.01598507711637631,0.7256860520142681,0.6495031287857397,0.8221153846153846,0.3345323741007194,285228,153920,61716,77376,153920,0.7875683634218934,0.7877528094031293
0.01594020095079207,0.7263616818116513,0.6498356329553081,0.8233173076923077,0.3345323741007194,285645,153920,61299,77376,153920,0.7875683634218934,0.7877528094031293
0.015852562030348127,0.7255941199556482,0.6486079605446904,0.8233173076923077,0.33093525179856115,285645,154752,61299,76544,154752,0.7875683634218934,0.7877528094031293
0.01579374832932212,0.7248281785851584,0.6473849180357593,0.8233173076923077,0.3273381294964029,285645,155584,61299,75712,155584,0.7875683634218934,0.7877528094031293
0.01576448625284671,0.7255024791082819,0.647717855477011,0.8245192307692307,0.3273381294964029,286062,155584,60882,75712,155584,0.7875683634218934,0.7877528094031293
0.01573286076245589,0.724737846170996,0.6464999389800171,0.8245192307692307,0.3237410071942446,286062,156416,60882,74880,156416,0.7875683634218934,0.7877528094031293
0.015666209887013505,0.7239748232846654,0.6452865940312648,0.8245192307692307,0.32014388489208634,286062,157248,60882,74048,157248,0.7875683634218934,0.7877528094031293
0.015628494635628654,0.7246477991478124,0.6456199419913595,0.8257211538461539,0.32014388489208634,286479,157248,60465,74048,157248,0.7875683634218934,0.7877528094031293
0.015621604258987176,0.7253200655300043,0.6459526640008646,0.8269230769230769,0.32014388489208634,286896,157248,60048,74048,157248,0.7875683634218934,0.7877528094031293
0.015482284676618219,0.7245580361652693,0.6447448851173996,0.8269230769230769,0.31654676258992803,286896,158080,60048,73216,158080,0.7875683634218934,0.7877528094031293
0.015316267198423605,0.7252292900621832,0.6450774933597968,0.828125,0.31654676258992803,287313,158080,59631,73216,158080,0.7875683634218934,0.7877528094031293
0.015191537138506295,0.7258998377806987,0.6454094793746215,0.8293269230769231,0.31654676258992803,287730,158080,59214,73216,158080,0.7875683634218934,0.7877528094031293
0.01503801578547126,0.7265696804346099,0.6457408449062921,0.8305288461538461,0.31654676258992803,288147,158080,58797,73216,158080,0.7875683634218934,0.7877528094031293
0.014983365284051087,0.725808340774531,0.6445390876819391,0.8305288461538461,0.3129496402877698,288147,158912,58797,72384,158912,0.7875683634218934,0.7877528094031293
0.014893122004010939,0.7250485949914133,0.6433417952135676,0.8305288461538461,0.30935251798561153,288147,159744,58797,71552,159744,0.7875683634218934,0.7877528094031293
0.014890242697122469,0.7257171311735148,0.6436735458657887,0.8317307692307693,0.30935251798561153,288564,159744,58380,71552,159744,0.7875683634218934,0.7877528094031293
0.014741651416531942,0.7249586727028806,0.6424811862670882,0.8317307692307693,0.3057553956834532,288564,160576,58380,70720,160576,0.7875683634218934,0.7877528094031293
0.014718828931080508,0.7242017979310241,0.6412932360235748,0.8317307692307693,0.302158273381295,288564,161408,58380,69888,161408,0.7875683634218934,0.7877528094031293
0.014660000345535384,0.724869032135883,0.6416253505303193,0.8329326923076923,0.302158273381295,288981,161408,57963,69888,161408,0.7875683634218934,0.7877528094031293
0.01464874433117802,0.725535568787214,0.6419568506186697,0.8341346153846154,0.302158273381295,289398,161408,57546,69888,161408,0.7875683634218934,0.7877528094031293
0.014648090158009053,0.7262014089783215,0.6422877379920793,0.8353365384615384,0.302158273381295,289815,161408,57129,69888,161408,0.7875683634218934,0.7877528094031293
0.014640775028338826,0.7268665538002264,0.6426180143477106,0.8365384615384616,0.302158273381295,290232,161408,56712,69888,161408,0.7875683634218934,0.7877528094031293
0.0146289050788585,0.7275310043416716,0.6429476813764636,0.8377403846153846,0.302158273381295,290649,161408,56295,69888,161408,0.7875683634218934,0.7877528094031293
0.014621413517633186,0.7281947616891289,0.6432767407630051,0.8389423076923077,0.302158273381295,291066,161408,55878,69888,161408,0.7875683634218934,0.7877528094031293
0.014437622229948599,0.7288578269268037,0.6436051941857974,0.8401442307692307,0.302158273381295,291483,161408,55461,69888,161408,0.7875683634218934,0.7877528094031293
0.01428667784263693,0.729520201136642,0.6439330433171265,0.8413461538461539,0.302158273381295,291900,161408,55044,69888,161408,0.7875683634218934,0.7877528094031293
0.01424190300782091,0.7301818853983356,0.6442602898231308,0.8425480769230769,0.302158273381295,292317,161408,54627,69888,161408,0.7875683634218934,0.7877528094031293
0.014166896076003355,0.7308428807893285,0.6445869353638289,0.84375,0.302158273381295,292734,161408,54210,69888,161408,0.7875683634218934,0.7877528094031293
0.014156027916650105,0.731503188384822,0.6449129815931485,0.8449519230769231,0.302158273381295,293151,161408,53793,69888,161408,0.7875683634218934,0.7877528094031293
0.014106795350458723,0.7307446390846716,0.6437347246651778,0.8449519230769231,0.29856115107913667,293151,162240,53793,69056,162240,0.7875683634218934,0.7877528094031293
0.014095608675511517,0.7314039703420234,0.6440606571187869,0.8461538461538461,0.29856115107913667,293568,162240,53376,69056,162240,0.7875683634218934,0.7877528094031293
0.014086906930552257,0.7306467027715833,0.6428871758934829,0.8461538461538461,0.2949640287769784,293568,163072,53376,68224,163072,0.7875683634218934,0.7877528094031293
0.014046199915276447,0.7313050605658451,0.6432129909398608,0.8473557692307693,0.2949640287769784,293985,163072,52959,68224,163072,0.7875683634218934,0.7877528094031293
0.01401651295019779,0.7305490704282752,0.6420442508992354,0.8473557692307693,0.29136690647482016,293985,163904,52959,67392,163904,0.7875683634218934,0.7877528094031293
0.013998248675060887,0.7312064576218565,0.6423699449712638,0.8485576923076923,0.29136690647482016,294402,163904,52542,67392,163904,0.7875683634218934,0.7877528094031293
0.013998007234146681,0.7318631643098203,0.642695046901943,0.8497596153846154,0.29136690647482016,294819,163904,52125,67392,163904,0.7875683634218934,0.7877528094031293
0.013993453242402698,0.7311081600845134,0.6415314815419264,0.8497596153846154,0.28776978417266186,294819,164736,52125,66560,164736,0.7875683634218934,0.7877528094031293
0.013881666796329517,0.7317639010752048,0.6418564608280504,0.8509615384615384,0.28776978417266186,295236,164736,51708,66560,164736,0.7875683634218934,0.7877528094031293
0.013829986131708938,0.7310101665370883,0.6406975633892067,0.8509615384615384,0.2841726618705036,295236,165568,51708,65728,165568,0.7875683634218934,0.7877528094031293
0.013740269753053758,0.7316649446585783,0.6410224165855414,0.8521634615384616,0.2841726618705036,295653,165568,51291,65728,165568,0.7875683634218934,0.7877528094031293
0.01370180279705846,0.7323190474188147,0.6413466828987215,0.8533653846153846,0.2841726618705036,296070,165568,50874,65728,165568,0.7875683634218934,0.7877528094031293
0.013646578014916866,0.7329724758621456,0.6416703639177154,0.8545673076923077,0.2841726618705036,296487,165568,50457,65728,165568,0.7875683634218934,0.7877528094031293
0.013566180433001618,0.7336252310307678,0.6419934612257607,0.8557692307692307,0.2841726618705036,296904,165568,50040,65728,165568,0.7875683634218934,0.7877528094031293
0.013426074486829864,0.734277313964731,0.6423159764003897,0.8569711538461539,0.2841726618705036,297321,165568,49623,65728,165568,0.7875683634218934,0.7877528094031293
0.013423858993484639,0.7349287257019439,0.6426379110134555,0.8581730769230769,0.2841726618705036,297738,165568,49206,65728,165568,0.7875683634218934,0.7877528094031293
0.013362938625780585,0.7355794672781796,0.642959266631157,0.859375,0.2841726618705036,298155,165568,48789,65728,165568,0.7875683634218934,0.7877528094031293
0.01328679069275629,0.7348253047754834,0.6418077515041276,0.859375,0.2805755395683453,298155,166400,48789,64896,166400,0.7875683634218934,0.7877528094031293
0.013166009661915612,0.7340726871189207,0.6406603536411631,0.859375,0.27697841726618705,298155,167232,48789,64064,167232,0.7875683634218934,0.7877528094031293
0.013033415257624914,0.7333216095665936,0.6395170509996375,0.859375,0.2733812949640288,298155,168064,48789,63232,168064,0.7875683634218934,0.7877528094031293
0.012968185648721431,0.7339708449076919,0.6398391894324484,0.8605769230769231,0.2733812949640288,298572,168064,48372,63232,168064,0.7875683634218934,0.7877528094031293
0.012851530380304066,0.7346194150592693,0.6401607526340694,0.8617788461538461,0.2733812949640288,298989,168064,47955,63232,168064,0.7875683634218934,0.7877528094031293
0.0127175852879583,0.7352673210431059,0.6404817421438809,0.8629807692307693,0.2733812949640288,299406,168064,47538,63232,168064,0.7875683634218934,0.7877528094031293
0.012436642916887286,0.7359145638788902,0.6408021594957757,0.8641826923076923,0.2733812949640288,299823,168064,47121,63232,168064,0.7875683634218934,0.7877528094031293
0.012380920154023811,0.7365611445842247,0.641122006218183,0.8653846153846154,0.2733812949640288,300240,168064,46704,63232,168064,0.7875683634218934,0.7877528094031293
0.012305150472341264,0.7372070641746306,0.6414412838340932,0.8665865384615384,0.2733812949640288,300657,168064,46287,63232,168064,0.7875683634218934,0.7877528094031293
0.01230409365561791,0.7378523236635535,0.6417599938610814,0.8677884615384616,0.2733812949640288,301074,168064,45870,63232,168064,0.7875683634218934,0.7877528094031293
0.012174067833769453,0.7371008453766247,0.6406238696086984,0.8677884615384616,0.2697841726618705,301074,168896,45870,62400,168896,0.7875683634218934,0.7877528094031293
0.012159458938567957,0.736350896244066,0.6394917608676259,0.8677884615384616,0.26618705035971224,301074,169728,45870,61568,169728,0.7875683634218934,0.7877528094031293
0.012143782859097563,0.7369949508838703,0.6398107886142113,0.8689903846153846,0.26618705035971224,301491,169728,45453,61568,169728,0.7875683634218934,0.7877528094031293
0.011912801804374984,0.7362462530296278,0.6386831083929491,0.8689903846153846,0.26258992805755393,301491,170560,45453,60736,170560,0.7875683634218934,0.7877528094031293
0.011908323710755342,0.7368893792133872,0.6390020064850953,0.8701923076923077,0.26258992805755393,301908,170560,45036,60736,170560,0.7875683634218934,0.7877528094031293
0.011811998498756804,0.7375318511543261,0.6393203421550694,0.8713942307692307,0.26258992805755393,302325,170560,44619,60736,170560,0.7875683634218934,0.7877528094031293
0.01169376350414636,0.7381736698502644,0.6396381168894278,0.8725961538461539,0.26258992805755393,302742,170560,44202,60736,170560,0.7875683634218934,0.7877528094031293
0.0116352123710452,0.7388148362969941,0.6399553321694929,0.8737980769230769,0.26258992805755393,303159,170560,43785,60736,170560,0.7875683634218934,0.7877528094031293
0.011629664599162814,0.7380665737466449,0.6388333393038894,0.8737980769230769,0.2589928057553957,303159,171392,43785,59904,171392,0.7875683634218934,0.7877528094031293
0.011623219982212385,0.737319825324962,0.6377152737897653,0.8737980769230769,0.25539568345323743,303159,172224,43785,59072,172224,0.7875683634218934,0.7877528094031293
0.011553757612657978,0.7365745864407727,0.6366011150425753,0.8737980769230769,0.2517985611510791,303159,173056,43785,58240,173056,0.7875683634218934,0.7877528094031293
0.011446229802922259,0.7358308525214474,0.6354908426213769,0.8737980769230769,0.24820143884892087,303159,173888,43785,57408,173888,0.7875683634218934,0.7877528094031293
0.011429268717457752,0.7350886190128064,0.6343844362275807,0.8737980769230769,0.2446043165467626,303159,174720,43785,56576,174720,0.7875683634218934,0.7877528094031293
0.011357599052155443,0.7343478813790264,0.6332818757037126,0.8737980769230769,0.24100719424460432,303159,175552,43785,55744,175552,0.7875683634218934,0.7877528094031293
0.01130438841776038,0.7349867808132947,0.6336010418927719,0.875,0.24100719424460432,303576,175552,43368,55744,175552,0.7875683634218934,0.7877528094031293
0.011297912746024485,0.7356250355419128,0.6339196530044104,0.8762019230769231,0.24100719424460432,303993,175552,42951,55744,175552,0.7875683634218934,0.7877528094031293
0.011292530130707412,0.7362626465402355,0.6342377104854134,0.8774038461538461,0.24100719424460432,304410,175552,42534,55744,175552,0.7875683634218934,0.7877528094031293
0.011223088082448651,0.7368996147816512,0.6345552157775424,0.8786057692307693,0.24100719424460432,304827,175552,42117,55744,175552,0.7875683634218934,0.7877528094031293
0.011047975908991092,0.7375359412375867,0.6348721703175567,0.8798076923076923,0.24100719424460432,305244,175552,41700,55744,175552,0.7875683634218934,0.7877528094031293
0.010922851439441161,0.7381716268775124,0.6351885755372361,0.8810096153846154,0.24100719424460432,305661,175552,41283,55744,175552,0.7875683634218934,0.7877528094031293
0.01090207363177953,0.7388066726689468,0.6355044328634014,0.8822115384615384,0.24100719424460432,306078,175552,40866,55744,175552,0.7875683634218934,0.7877528094031293
0.010882012515418649,0.7380655553492499,0.6344085130020602,0.8822115384615384,0.23741007194244604,306078,176384,40866,54912,176384,0.7875683634218934,0.7877528094031293
0.010833423734455672,0.7386996986104266,0.634724226980258,0.8834134615384616,0.23741007194244604,306495,176384,40449,54912,176384,0.7875683634218934,0.7877528094031293
0.01079433595120749,0.7379598028062192,0.6336324788975235,0.8834134615384616,0.23381294964028776,306495,177216,40449,54080,177216,0.7875683634218934,0.7877528094031293
0.010788811341696125,0.7372213877066027,0.6325444800564656,0.8834134615384616,0.2302158273381295,306495,178048,40449,53248,178048,0.7875683634218934,0.7877528094031293
0.010690789744149276,0.7378543678116706,0.6328604420983174,0.8846153846153846,0.2302158273381295,306912,178048,40032,53248,178048,0.7875683634218934,0.7877528094031293
0.010674204010668875,0.7384867136597538,0.6331758612377595,0.8858173076923077,0.2302158273381295,307329,178048,39615,53248,178048,0.7875683634218934,0.7877528094031293
0.010654820030779777,0.73911842620368,0.6334907388728556,0.8870192307692307,0.2302158273381295,307746,178048,39198,53248,178048,0.7875683634218934,0.7877528094031293
0.010551181129445253,0.7397495063943684,0.633805076396873,0.8882211538461539,0.2302158273381295,308163,178048,38781,53248,178048,0.7875683634218934,0.7877528094031293
0.010522842311940728,0.7403799551808362,0.6341188751983035,0.8894230769230769,0.2302158273381295,308580,178048,38364,53248,178048,0.7875683634218934,0.7877528094031293
0.010432242036843564,0.7410097735102021,0.6344321366608835,0.890625,0.2302158273381295,308997,178048,37947,53248,178048,0.7875683634218934,0.7877528094031293
0.01041760803122671,0.7402712677328434,0.633350209171574,0.890625,0.22661870503597123,308997,178880,37947,52416,178880,0.7875683634218934,0.7877528094031293
0.010407302292236298,0.740900198506294,0.6336633257832371,0.8918269230769231,0.22661870503597123,309414,178880,37530,52416,178880,0.7875683634218934,0.7877528094031293
0.01038609799378798,0.7415285015945575,0.633975908051998,0.8930288461538461,0.22661870503597123,309831,178880,37113,52416,178880,0.7875683634218934,0.7877528094031293
0.010327609065707288,0.7421561779368284,0.6342879573444988,0.8942307692307693,0.22661870503597123,310248,178880,36696,52416,178880,0.7875683634218934,0.7877528094031293
0.010305257294174086,0.7427832284704282,0.6345994750227252,0.8954326923076923,0.22661870503597123,310665,178880,36279,52416,178880,0.7875683634218934,0.7877528094031293
0.009978985215224223,0.7434096541308104,0.6349104624440263,0.8966346153846154,0.22661870503597123,311082,178880,35862,52416,178880,0.7875683634218934,0.7877528094031293
0.009940779885718731,0.7426713363844066,0.6338341544517659,0.8966346153846154,0.22302158273381295,311082,179712,35862,51584,179712,0.7875683634218934,0.7877528094031293
0.009626822325287887,0.7419344837044015,0.6327614894248881,0.8966346153846154,0.21942446043165467,311082,180544,35862,50752,180544,0.7875683634218934,0.7877528094031293
0.009541599565050296,0.7411990917343537,0.6316924488991955,0.8966346153846154,0.2158273381294964,311082,181376,35862,49920,181376,0.7875683634218934,0.7877528094031293
0.009519947906282189,0.7418241311520697,0.6320040578239919,0.8978365384615384,0.2158273381294964,311499,181376,35445,49920,181376,0.7875683634218934,0.7877528094031293
0.009502116686646023,0.7424485501692382,0.6323151399171282,0.8990384615384616,0.2158273381294964,311916,181376,35028,49920,181376,0.7875683634218934,0.7877528094031293
0.009477190867824836,0.7417141063504972,0.6312504553512883,0.8990384615384616,0.21223021582733814,311916,182208,35028,49088,182208,0.7875683634218934,0.7877528094031293
0.009407887333757414,0.7423376530775949,0.6315613872257305,0.9002403846153846,0.21223021582733814,312333,182208,34611,49088,182208,0.7875683634218934,0.7877528094031293
0.009219370510022973,0.742960582110507,0.6318717951826216,0.9014423076923077,0.21223021582733814,312750,182208,34194,49088,182208,0.7875683634218934,0.7877528094031293
0.009172861155899159,0.7435828943666236,0.6321816805450416,0.9026442307692307,0.21223021582733814,313167,182208,33777,49088,182208,0.7875683634218934,0.7877528094031293
0.009166451371699802,0.7428491456453233,0.6311216891337688,0.9026442307692307,0.20863309352517986,313167,183040,33777,48256,183040,0.7875683634218934,0.7877528094031293
0.009147480838262834,0.7434705915824213,0.6314314249814749,0.9038461538461539,0.20863309352517986,313584,183040,33360,48256,183040,0.7875683634218934,0.7877528094031293
0.009083778142936039,0.7427380388441497,0.630375349779679,0.9038461538461539,0.20503597122302158,313584,183872,33360,47424,183872,0.7875683634218934,0.7877528094031293
0.00903567966242752,0.7433586208610858,0.6306849337079938,0.9050480769230769,0.20503597122302158,314001,183872,32943,47424,183872,0.7875683634218934,0.7877528094031293
0.008929703776010822,0.743978590544157,0.6309939994782156,0.90625,0.20503597122302158,314418,183872,32526,47424,183872,0.7875683634218934,0.7877528094031293
0.008782097452830206,0.7445979487992092,0.6313025483901369,0.9074519230769231,0.20503597122302158,314835,183872,32109,47424,183872,0.7875683634218934,0.7877528094031293
0.008723360098081834,0.743866090636197,0.6302510915063688,0.9074519230769231,0.2014388489208633,314835,184704,32109,46592,184704,0.7875683634218934,0.7877528094031293
0.008722501803060445,0.7444845908607864,0.6305594892350527,0.9086538461538461,0.2014388489208633,315252,184704,31692,46592,184704,0.7875683634218934,0.7877528094031293
0.008675199747776086,0.7437539222301388,0.6295118892625222,0.9086538461538461,0.19784172661870503,315252,185536,31692,45760,185536,0.7875683634218934,0.7877528094031293
0.008674242270100052,0.7443715667883827,0.6298201334783172,0.9098557692307693,0.19784172661870503,315669,185536,31275,45760,185536,0.7875683634218934,0.7877528094031293
0.008651829445626563,0.7436420838628898,0.6287763650886289,0.9098557692307693,0.19424460431654678,315669,186368,31275,44928,186368,0.7875683634218934,0.7877528094031293
0.008620999223615922,0.744258875109195,0.6290844535022111,0.9110576923076923,0.19424460431654678,316086,186368,30858,44928,186368,0.7875683634218934,0.7877528094031293
0.008617153209613204,0.7435305740799548,0.6280444916011969,0.9110576923076923,0.1906474820143885,316086,187200,30858,44096,187200,0.7875683634218934,0.7877528094031293
0.008611494002452424,0.7441465143590702,0.6283524219629425,0.9122596153846154,0.1906474820143885,316503,187200,30441,44096,187200,0.7875683634218934,0.7877528094031293
0.008451880175948223,0.7447618510476298,0.6286598428945489,0.9134615384615384,0.1906474820143885,316920,187200,30024,44096,187200,0.7875683634218934,0.7877528094031293
0.008399022335830397,0.7453765850324318,0.6289667556591488,0.9146634615384616,0.1906474820143885,317337,187200,29607,44096,187200,0.7875683634218934,0.7877528094031293
0.008021364445995882,0.7459907171985378,0.6292731615157025,0.9158653846153846,0.1906474820143885,317754,187200,29190,44096,187200,0.7875683634218934,0.7877528094031293
0.00781046885038017,0.7452628616326387,0.6282380295223672,0.9158653846153846,0.18705035971223022,317754,188032,29190,43264,188032,0.7875683634218934,0.7877528094031293
0.007754190706898534,0.7458761503000069,0.6285442796664579,0.9170673076923077,0.18705035971223022,318171,188032,28773,43264,188032,0.7875683634218934,0.7877528094031293
0.0076053527345295024,0.7451494708886284,0.6275128935872277,0.9170673076923077,0.18345323741007194,318171,188864,28773,42432,188864,0.7875683634218934,0.7877528094031293
0.007485728629606503,0.745761918361041,0.6278189858351134,0.9182692307692307,0.18345323741007194,318588,188864,28356,42432,188864,0.7875683634218934,0.7877528094031293
0.007161056105460806,0.7450364113429401,0.6267913213872559,0.9182692307692307,0.17985611510791366,318588,189696,28356,41600,189696,0.7875683634218934,0.7877528094031293
0.007117787128649078,0.7443123145573909,0.6257670157685086,0.9182692307692307,0.17625899280575538,318588,190528,28356,40768,190528,0.7875683634218934,0.7877528094031293
0.007067550370128073,0.7435896238965938,0.6247460525386902,0.9182692307692307,0.17266187050359713,318588,191360,28356,39936,191360,0.7875683634218934,0.7877528094031293
0.007031103578657438,0.7428683352686878,0.6237284153647363,0.9182692307692307,0.16906474820143885,318588,192192,28356,39104,192192,0.7875683634218934,0.7877528094031293
0.006947656048717721,0.7434792184501149,0.6240353523201427,0.9194711538461539,0.16906474820143885,319005,192192,27939,39104,192192,0.7875683634218934,0.7877528094031293
0.006894897395575583,0.7440895082219257,0.6243417889268081,0.9206730769230769,0.16906474820143885,319422,192192,27522,39104,192192,0.7875683634218934,0.7877528094031293
0.006853875982214597,0.7433691339205716,0.6233281165234971,0.9206730769230769,0.16546762589928057,319422,193024,27522,38272,193024,0.7875683634218934,0.7877528094031293
0.006818000514669298,0.743978590544157,0.6236343818914603,0.921875,0.16546762589928057,319839,193024,27105,38272,193024,0.7875683634218934,0.7877528094031293
0.006779575458611409,0.7445874562904545,0.6239401496259351,0.9230769230769231,0.16546762589928057,320256,193024,26688,38272,193024,0.7875683634218934,0.7877528094031293
0.006742276232600153,0.7451957320183444,0.6242454209388024,0.9242788461538461,0.16546762589928057,320673,193024,26271,38272,193024,0.7875683634218934,0.7877528094031293
0.006612050408464354,0.7458034185850431,0.6245501970380111,0.9254807692307693,0.16546762589928057,321090,193024,25854,38272,193024,0.7875683634218934,0.7877528094031293
0.006542643553527794,0.7450834793303089,0.6235411091648445,0.9254807692307693,0.1618705035971223,321090,193856,25854,37440,193856,0.7875683634218934,0.7877528094031293
0.0064621803090534335,0.7456903399833238,0.6238457165143791,0.9266826923076923,0.1618705035971223,321507,193856,25437,37440,193856,0.7875683634218934,0.7877528094031293
0.006301035066350935,0.7462966139808328,0.6241498313234325,0.9278846153846154,0.1618705035971223,321924,193856,25020,37440,193856,0.7875683634218934,0.7877528094031293
0.006262584297861085,0.7469023021731096,0.6244534547856729,0.9290865384615384,0.1618705035971223,322341,193856,24603,37440,193856,0.7875683634218934,0.7877528094031293
0.006205463661760835,0.746183040442236,0.6234485879902288,0.9290865384615384,0.15827338129496402,322341,194688,24603,36608,194688,0.7875683634218934,0.7877528094031293
0.006189798687571746,0.7454651626667284,0.622446950050303,0.9290865384615384,0.15467625899280577,322341,195520,24603,35776,195520,0.7875683634218934,0.7877528094031293
0.006130820559042793,0.744748664856054,0.6214485254283362,0.9290865384615384,0.1510791366906475,322341,196352,24603,34944,196352,0.7875683634218934,0.7877528094031293
0.006128647633246942,0.7453530611255187,0.6217526150526863,0.9302884615384616,0.1510791366906475,322758,196352,24186,34944,196352,0.7875683634218934,0.7877528094031293
0.006068561094502045,0.7459568756484637,0.6220562165200269,0.9314903846153846,0.1510791366906475,323175,196352,23769,34944,196352,0.7875683634218934,0.7877528094031293
0.00604598985852578,0.7465601092644032,0.6223593310048775,0.9326923076923077,0.1510791366906475,323592,196352,23352,34944,196352,0.7875683634218934,0.7877528094031293
0.0060176060699506095,0.745844281565482,0.6213650398635882,0.9326923076923077,0.1474820143884892,323592,197184,23352,34112,197184,0.7875683634218934,0.7877528094031293
0.005954240139697475,0.7464467013846893,0.6216679809590689,0.9338942307692307,0.1474820143884892,324009,197184,22935,34112,197184,0.7875683634218934,0.7877528094031293
0.005855810315336107,0.7470485427503644,0.6219704376833266,0.9350961538461539,0.1474820143884892,324426,197184,22518,34112,197184,0.7875683634218934,0.7877528094031293
0.005846054789079402,0.7476498064952686,0.622272411197122,0.9362980769230769,0.1474820143884892,324843,197184,22101,34112,197184,0.7875683634218934,0.7877528094031293
0.005732372434787414,0.7469346507197607,0.6212822194893843,0.9362980769230769,0.14388489208633093,324843,198016,22101,33280,198016,0.7875683634218934,0.7877528094031293
0.00567770846265514,0.7462208617847893,0.6202951740625674,0.9362980769230769,0.14028776978417265,324843,198848,22101,32448,198848,0.7875683634218934,0.7877528094031293
0.00564714879281758,0.7468210853083398,0.620597281476337,0.9375,0.14028776978417265,325260,198848,21684,32448,198848,0.7875683634218934,0.7877528094031293
0.005524848458342779,0.7461084272678475,0.6196136701337296,0.9375,0.1366906474820144,325260,199680,21684,31616,199680,0.7875683634218934,0.7877528094031293
0.005507654920144933,0.7467078451130974,0.6199156002489735,0.9387019230769231,0.1366906474820144,325677,199680,21267,31616,199680,0.7875683634218934,0.7877528094031293
0.005391476626689484,0.7459963144217433,0.6189354015382306,0.9387019230769231,0.13309352517985612,325677,200512,21267,30784,200512,0.7875683634218934,0.7877528094031293
0.005283414384597729,0.7452861384609224,0.6179582976769427,0.9387019230769231,0.12949640287769784,325677,201344,21267,29952,201344,0.7875683634218934,0.7877528094031293
0.005205012861744962,0.7445773133652722,0.6169842740308381,0.9387019230769231,0.12589928057553956,325677,202176,21267,29120,202176,0.7875683634218934,0.7877528094031293
0.005157337319680044,0.745175465657542,0.6172866147992504,0.9399038461538461,0.12589928057553956,326094,202176,20850,29120,202176,0.7875683634218934,0.7877528094031293
0.005135959519778188,0.745773048236072,0.6175884786272406,0.9411057692307693,0.12589928057553956,326511,202176,20433,29120,202176,0.7875683634218934,0.7877528094031293
0.005042750817058073,0.7463700619144157,0.6178898666424748,0.9423076923076923,0.12589928057553956,326928,202176,20016,29120,202176,0.7875683634218934,0.7877528094031293
0.0050071175743132135,0.7456618921631238,0.6169197789921802,0.9423076923076923,0.1223021582733813,326928,203008,20016,28288,203008,0.7875683634218934,0.7877528094031293
0.004981334898447098,0.7449550649871484,0.6159527326440177,0.9423076923076923,0.11870503597122302,326928,203840,20016,27456,203840,0.7875683634218934,0.7877528094031293
0.004856574205641118,0.745551052294139,0.6162542240462362,0.9435096153846154,0.11870503597122302,327345,203840,19599,27456,203840,0.7875683634218934,0.7877528094031293
0.004833834667153036,0.7461464738329012,0.6165552424558222,0.9447115384615384,0.11870503597122302,327762,203840,19182,27456,203840,0.7875683634218934,0.7877528094031293
0.0047593946551565125,0.7467413304086747,0.6168557889849798,0.9459134615384616,0.11870503597122302,328179,203840,18765,27456,203840,0.7875683634218934,0.7877528094031293
0.004678894516338961,0.7473356228251723,0.6171558647424291,0.9471153846153846,0.11870503597122302,328596,203840,18348,27456,203840,0.7875683634218934,0.7877528094031293
0.004599121554253793,0.7466292211421793,0.6161929836404959,0.9471153846153846,0.11510791366906475,328596,204672,18348,26624,204672,0.7875683634218934,0.7877528094031293
0.004552853386937616,0.7459241536177534,0.6152331024152781,0.9471153846153846,0.11151079136690648,328596,205504,18348,25792,205504,0.7875683634218934,0.7877528094031293
0.004485247943258663,0.7452204164757857,0.6142762070693097,0.9471153846153846,0.1079136690647482,328596,206336,18348,24960,206336,0.7875683634218934,0.7877528094031293
0.004473495848585918,0.7458134655947627,0.614576659338114,0.9483173076923077,0.1079136690647482,329013,206336,17931,24960,206336,0.7875683634218934,0.7877528094031293
0.004403298912108,0.7464059543904566,0.6148766439079747,0.9495192307692307,0.1079136690647482,329430,206336,17514,24960,206336,0.7875683634218934,0.7877528094031293
0.00431034195777158,0.7469978836565975,0.6151761618701078,0.9507211538461539,0.1079136690647482,329847,206336,17097,24960,206336,0.7875683634218934,0.7877528094031293
0.004290274033935837,0.7475892541854169,0.615475214312337,0.9519230769230769,0.1079136690647482,330264,206336,16680,24960,206336,0.7875683634218934,0.7877528094031293
0.004248637138867362,0.7468859399169584,0.614522395391417,0.9519230769230769,0.10431654676258993,330264,207168,16680,24128,207168,0.7875683634218934,0.7877528094031293
0.004245596025716392,0.7474765284083396,0.614821260242187,0.953125,0.10431654676258993,330681,207168,16263,24128,207168,0.7875683634218934,0.7877528094031293
0.004125855177701476,0.7467743119266055,0.6138716605931896,0.953125,0.10071942446043165,330681,208000,16263,23296,208000,0.7875683634218934,0.7877528094031293
0.004024963715059338,0.7460734136004341,0.6129249897592829,0.953125,0.09712230215827339,330681,208832,16263,22464,208832,0.7875683634218934,0.7877528094031293
0.0038642367591675275,0.7453738297217705,0.611981234211476,0.953125,0.09352517985611511,330681,209664,16263,21632,209664,0.7875683634218934,0.7877528094031293
0.003852021838728792,0.7446755565964548,0.6110403805039756,0.953125,0.08992805755395683,330681,210496,16263,20800,210496,0.7875683634218934,0.7877528094031293
0.00382081814573898,0.7452646932376555,0.6113398597473384,0.9543269230769231,0.08992805755395683,331098,210496,15846,20800,210496,0.7875683634218934,0.7877528094031293
0.003804752893642349,0.745853277162511,0.6116388781777492,0.9555288461538461,0.08992805755395683,331515,210496,15429,20800,210496,0.7875683634218934,0.7877528094031293
0.003655963095216541,0.7464413091484778,0.6119374368579793,0.9567307692307693,0.08992805755395683,331932,210496,15012,20800,210496,0.7875683634218934,0.7877528094031293
0.0036167779475778095,0.7457436722369255,0.6110002577034938,0.9567307692307693,0.08633093525179857,331932,211328,15012,19968,211328,0.7875683634218934,0.7877528094031293
0.003494084122758867,0.7463309308897949,0.6112986203205212,0.9579326923076923,0.08633093525179857,332349,211328,14595,19968,211328,0.7875683634218934,0.7877528094031293
0.0034712387736377526,0.7469176398761893,0.6115965256003558,0.9591346153846154,0.08633093525179857,332766,211328,14178,19968,211328,0.7875683634218934,0.7877528094031293
0.003423132540307794,0.7462208617847893,0.6106627321874897,0.9591346153846154,0.08273381294964029,332766,212160,14178,19136,212160,0.7875683634218934,0.7877528094031293
0.0033715708708511594,0.7468068009508152,0.6109604414102684,0.9603365384615384,0.08273381294964029,333183,212160,13761,19136,212160,0.7875683634218934,0.7877528094031293
0.0033528778771380052,0.7473921927088935,0.6112576956904133,0.9615384615384616,0.08273381294964029,333600,212160,13344,19136,212160,0.7875683634218934,0.7877528094031293
0.0033162992743872577,0.7466962718905562,0.6103272642116973,0.9615384615384616,0.07913669064748201,333600,212992,13344,18304,212992,0.7875683634218934,0.7877528094031293
0.00324950086662229,0.747280897317868,0.6106243224517329,0.9627403846153846,0.07913669064748201,334017,212992,12927,18304,212992,0.7875683634218934,0.7877528094031293
0.003217472249648745,0.7478649775819851,0.6109209281254453,0.9639423076923077,0.07913669064748201,334434,212992,12510,18304,212992,0.7875683634218934,0.7877528094031293
0.003101166529599464,0.7484485134450992,0.6112170822662697,0.9651442307692307,0.07913669064748201,334851,212992,12093,18304,212992,0.7875683634218934,0.7877528094031293
0.0030633218704887444,0.7477532298890488,0.6102902446803663,0.9651442307692307,0.07553956834532374,334851,213824,12093,17472,213824,0.7875683634218934,0.7877528094031293
0.003053068023611105,0.7470592369242713,0.6093662137152029,0.9651442307692307,0.07194244604316546,334851,214656,12093,16640,214656,0.7875683634218934,0.7877528094031293
0.0030086400714074424,0.7476417934411753,0.6096624260806948,0.9663461538461539,0.07194244604316546,335268,214656,11676,16640,214656,0.7875683634218934,0.7877528094031293
0.002764172417588806,0.7482238084889417,0.6099581895588372,0.9675480769230769,0.07194244604316546,335685,214656,11259,16640,214656,0.7875683634218934,0.7877528094031293
0.0027164333762563775,0.7488052828221392,0.6102535051692395,0.96875,0.07194244604316546,336102,214656,10842,16640,214656,0.7875683634218934,0.7877528094031293
0.002513185311893651,0.7481119245348534,0.6093330190902663,0.96875,0.0683453237410072,336102,215488,10842,15808,215488,0.7875683634218934,0.7877528094031293
0.002487820397763185,0.7474198490936949,0.6084153056902151,0.96875,0.06474820143884892,336102,216320,10842,14976,216320,0.7875683634218934,0.7877528094031293
0.0024610796644569666,0.7467290529416861,0.607500352460172,0.96875,0.06115107913669065,336102,217152,10842,14144,217152,0.7875683634218934,0.7877528094031293
0.0022533757590540437,0.7473093386186106,0.6077959654740812,0.9699519230769231,0.06115107913669065,336519,217152,10425,14144,217152,0.7875683634218934,0.7877528094031293
0.0022382322265975807,0.7478890871800336,0.6080911335383549,0.9711538461538461,0.06115107913669065,336936,217152,10008,14144,217152,0.7875683634218934,0.7877528094031293
0.002202565048136318,0.7484682993713455,0.6083858576568291,0.9723557692307693,0.06115107913669065,337353,217152,9591,14144,217152,0.7875683634218934,0.7877528094031293
0.002163327349003319,0.7477781312030287,0.6074743804212577,0.9723557692307693,0.05755395683453238,337353,217984,9591,13312,217984,0.7875683634218934,0.7877528094031293
0.0021573912204483348,0.7483565932349467,0.6077689049471529,0.9735576923076923,0.05755395683453238,337770,217984,9174,13312,217984,0.7875683634218934,0.7877528094031293
0.002056042126083568,0.7489345210742818,0.6080629878220907,0.9747596153846154,0.05755395683453238,338187,217984,8757,13312,217984,0.7875683634218934,0.7877528094031293
0.002035990937747534,0.7495119154606589,0.608356630038736,0.9759615384615384,0.05755395683453238,338604,217984,8340,13312,217984,0.7875683634218934,0.7877528094031293
0.0019764931541447206,0.7500887771323382,0.6086498325867811,0.9771634615384616,0.05755395683453238,339021,217984,7923,13312,217984,0.7875683634218934,0.7877528094031293
0.001896903190325927,0.7493990258416126,0.6077420465117946,0.9771634615384616,0.0539568345323741,339021,218816,7923,12480,218816,0.7875683634218934,0.7877528094031293
0.0018709807684619273,0.7487105419202242,0.6068369642847554,0.9771634615384616,0.050359712230215826,339021,219648,7923,11648,219648,0.7875683634218934,0.7877528094031293
0.0018663380309053013,0.7492864474686268,0.6071302089481762,0.9783653846153846,0.050359712230215826,339438,219648,7506,11648,219648,0.7875683634218934,0.7877528094031293
0.0017923647135643095,0.7485990150651367,0.6062280548223132,0.9783653846153846,0.046762589928057555,339438,220480,7506,10816,220480,0.7875683634218934,0.7877528094031293
0.0017329665464073107,0.749174179056277,0.6065210989854284,0.9795673076923077,0.046762589928057555,339855,220480,7089,10816,220480,0.7875683634218934,0.7877528094031293
0.0016838246948907565,0.7484877949942242,0.6056218558824735,0.9795673076923077,0.04316546762589928,339855,221312,7089,9984,221312,0.7875683634218934,0.7877528094031293
0.00153021030487821,0.7478026674940013,0.6047252753118778,0.9795673076923077,0.039568345323741004,339855,222144,7089,9152,222144,0.7875683634218934,0.7877528094031293
0.0014489456553175017,0.7471187931081861,0.6038313454660458,0.9795673076923077,0.03597122302158273,339855,222976,7089,8320,222976,0.7875683634218934,0.7877528094031293
0.001442599342449391,0.747692794487317,0.6041246484674602,0.9807692307692307,0.03597122302158273,340272,222976,6672,8320,222976,0.7875683634218934,0.7877528094031293
0.0014356518764628845,0.7482662701554674,0.6044175174970949,0.9819711538461539,0.03597122302158273,340689,222976,6255,8320,222976,0.7875683634218934,0.7877528094031293
0.0014294571284675373,0.7488392208345316,0.6047099535173964,0.9831730769230769,0.03597122302158273,341106,222976,5838,8320,222976,0.7875683634218934,0.7877528094031293
0.0013954537811067258,0.7481559628801853,0.6038193424131815,0.9831730769230769,0.03237410071942446,341106,223808,5838,7488,223808,0.7875683634218934,0.7877528094031293
0.001259202250116942,0.7487281795511221,0.6041115735737117,0.984375,0.03237410071942446,341523,223808,5421,7488,223808,0.7875683634218934,0.7877528094031293
0.0012560331586618512,0.7492998733417188,0.6044033739403409,0.9855769230769231,0.03237410071942446,341940,223808,5004,7488,223808,0.7875683634218934,0.7877528094031293
0.0011916110220387965,0.7498710449683444,0.6046947444649527,0.9867788461538461,0.03237410071942446,342357,223808,4587,7488,223808,0.7875683634218934,0.7877528094031293
0.0011638291251129251,0.7491884049408003,0.6038074275525267,0.9867788461538461,0.02877697841726619,342357,224640,4587,6656,224640,0.7875683634218934,0.7877528094031293
0.0008348952843032498,0.7497588471911439,0.6040985946769026,0.9879807692307693,0.02877697841726619,342774,224640,4170,6656,224640,0.7875683634218934,0.7877528094031293
0.0008327433450860955,0.7490772407915296,0.6032141009351584,0.9879807692307693,0.025179856115107913,342774,225472,4170,5824,225472,0.7875683634218934,0.7877528094031293
0.0007305228101415207,0.7496469555169413,0.6035050636317115,0.9891826923076923,0.025179856115107913,343191,225472,3753,5824,225472,0.7875683634218934,0.7877528094031293
0.0007126201951412336,0.750216151541881,0.6037955999156533,0.9903846153846154,0.025179856115107913,343608,225472,3336,5824,225472,0.7875683634218934,0.7877528094031293
0.0006941654901413408,0.750784829574408,0.6040857107236737,0.9915865384615384,0.025179856115107913,344025,225472,2919,5824,225472,0.7875683634218934,0.7877528094031293
0.0006922923875236076,0.7501038404052011,0.603204466194074,0.9915865384615384,0.02158273381294964,344025,226304,2919,4992,226304,0.7875683634218934,0.7877528094031293
0.0006777436054823949,0.7506717954864932,0.6034943740297786,0.9927884615384616,0.02158273381294964,344442,226304,2502,4992,226304,0.7875683634218934,0.7877528094031293
0.0006138535533261047,0.7512392346425852,0.6037838585482603,0.9939903846153846,0.02158273381294964,344859,226304,2085,4992,226304,0.7875683634218934,0.7877528094031293
0.000610339119068215,0.7505590686650583,0.602905619804369,0.9939903846153846,0.017985611510791366,344859,227136,2085,4160,227136,0.7875683634218934,0.7877528094031293
0.0005118689643710816,0.74988013320707,0.6020299322483054,0.9939903846153846,0.014388489208633094,344859,227968,2085,3328,227968,0.7875683634218934,0.7877528094031293
0.00047864083835436055,0.7504466478589158,0.6023194311671819,0.9951923076923077,0.014388489208633094,345276,227968,1668,3328,227968,0.7875683634218934,0.7877528094031293
0.0004307494824709046,0.7510126492904123,0.6026085092066569,0.9963942307692307,0.014388489208633094,345693,227968,1251,3328,227968,0.7875683634218934,0.7877528094031293
0.00041094423678222913,0.7503345318236624,0.6017357913847514,0.9963942307692307,0.01079136690647482,345693,228800,1251,2496,228800,0.7875683634218934,0.7877528094031293
0.0003817859449043448,0.749657637847526,0.6008655977056446,0.9963942307692307,0.007194244604316547,345693,229632,1251,1664,229632,0.7875683634218934,0.7877528094031293
0.00031634869677921174,0.7489819640537709,0.5999979172343649,0.9963942307692307,0.0035971223021582736,345693,230464,1251,832,230464,0.7875683634218934,0.7877528094031293
0.00028764100320777253,0.7495468415342202,0.6002872137834866,0.9975961538461539,0.0035971223021582736,346110,230464,834,832,230464,0.7875683634218934,0.7877528094031293
0.0002749572634701547,0.7501112091218538,0.6005760921747479,0.9987980769230769,0.0035971223021582736,346527,230464,417,832,230464,0.7875683634218934,0.7877528094031293
7.786060185943633e-05,0.7506750675067507,0.600864553314121,1.0,0.0035971223021582736,346944,230464,0,832,230464,0.7875683634218934,0.7877528094031293
5.8617359000590064e-05,0.75,0.6,1.0,0.0,346944,231296,0,0,231296,0.7875683634218934,0.7877528094031293
